Define CharList
 ( 'A', 'B', 'C', 'D', 'E', 'F', 'G', 'H', 'I', 'J', 'K', 'L', 'M', 'N', 'O', 'P',
   'Q', 'R', 'S', 'T', 'U', 'V', 'W', 'X', 'Y', 'Z', 'a', 'b', 'c', 'd', 'e', 'f',
   'g', 'h', 'i', 'j', 'k', 'l', 'm', 'n', 'o', 'p', 'q', 'r', 's', 't', 'u', 'v',
   'w', 'x', 'y', 'z', '0', '1', '2', '3', '4', '5', '6', '7', '8', '9', '~', '`',
   '!', '@', '#', '$', '%', '^', '&', '*', '(', ')', '-', '_', '=', '+', '[', '{',
   ']', '}', ';', ':',"'", '"', ',', '<', '.', '>', '/', '?', '¡', '¢', '£', '¥',
   '§', '©', '®', '¿', 'À', 'Á', 'Â', 'Ã', 'Ä', 'Å', 'Æ', 'Ç', 'È', 'É', 'Ê', 'Ë',
   'Ì', 'Í', 'Î', 'Ï', 'Ð', 'Ñ', 'Ò', 'Ó', 'Ô', 'Õ', 'Ö', 'Ø', 'Ù', 'Ú', 'Û', 'Ü',
   'Ý', 'ß', 'à', 'á', 'â', 'ã', 'ä', 'å', 'æ', 'ç', 'è', 'é', 'ê', 'ë', 'ì', 'í',
   'î', 'ï', 'ð', 'ñ', 'ò', 'ó', 'ô', 'õ', 'ö', 'ø', 'ù', 'ú', 'û', 'ü', 'ý', 'ÿ');

Define WidthList
 (  11,  10,  10,  11,  10,   9,  12,  11,   5,   9,  10,   9,  14,  12,  12,  10,
    12,  10,  10,  10,  12,  10,  15,  11,  10,  10,   9,  10,   8,  10,   9,   6,
    10,  10,   5,   5,   8,   5,  14,  10,  10,  10,  10,   6,   8,   6,  10,   9,
    13,   9,   9,   7,   9,   9,   9,   9,   9,   9,   9,   9,   9,   9,   9,   5,
     6,  15,   9,   9,  14,   9,   0,   9,   6,   6,   6,   8,   9,   9,   6,   6,
     6,   6,   5,   5,   5,   7,   5,   9,   5,   9,   5,   8,   6,   9,   9,   9,
     9,  12,  12,   8,  11,  11,  11,  11,  11,  11,  15,  10,  10,  10,  10,  10,
     5,   5,   5,   5,  11,  12,  12,  12,  12,  12,  12,  12,  12,  12,  12,  12,
    10,  10,   9,   9,   9,   9,   9,   9,  14,   8,   9,   9,   9,   9,   5,   5,
     5,   5,  10,  10,  10,  10,  10,  10,  10,  10,  10,  10,  10,  10,   9,   9);

Define RectList
 ( (   0,  0, 21, 27), (  22,  0, 19, 27), (  42,  0, 19, 27), (  62,  0, 20, 27),
   (  83,  0, 18, 27), ( 102,  0, 18, 27), ( 121,  0, 20, 27), ( 142,  0, 19, 27),
   ( 162,  0, 13, 27), ( 176,  0, 17, 27), ( 194,  0, 20, 27), ( 215,  0, 18, 27),
   ( 234,  0, 22, 27), ( 257,  0, 20, 27), ( 278,  0, 20, 27), ( 299,  0, 18, 27),
   ( 318,  0, 21, 27), ( 340,  0, 19, 27), ( 360,  0, 19, 27), ( 380,  0, 20, 27),
   ( 401,  0, 20, 27), ( 422,  0, 20, 27), ( 443,  0, 25, 27), ( 469,  0, 21, 27),
   ( 491,  0, 20, 27), ( 512,  0, 19, 27), ( 532,  0, 18, 27), ( 551,  0, 18, 27),
   ( 570,  0, 18, 27), ( 589,  0, 19, 27), ( 609,  0, 18, 27), ( 628,  0, 16, 27),
   ( 645,  0, 18, 27), ( 664,  0, 17, 27), ( 682,  0, 12, 27), ( 695,  0, 14, 27),
   ( 710,  0, 17, 27), ( 728,  0, 12, 27), ( 741,  0, 22, 27), ( 764,  0, 17, 27),
   ( 782,  0, 19, 27), ( 802,  0, 18, 27), ( 821,  0, 18, 27), ( 840,  0, 16, 27),
   ( 857,  0, 17, 27), ( 875,  0, 16, 27), ( 892,  0, 17, 27), ( 910,  0, 18, 27),
   ( 929,  0, 23, 27), ( 953,  0, 18, 27), ( 972,  0, 18, 27), ( 991,  0, 17, 27),
   (1009,  0, 18, 27), (1028,  0, 15, 27), (1044,  0, 17, 27), (1062,  0, 18, 27),
   (1081,  0, 19, 27), (1101,  0, 18, 27), (1120,  0, 18, 27), (1139,  0, 18, 27),
   (1158,  0, 18, 27), (1177,  0, 18, 27), (1196,  0, 19, 27), (1216,  0, 14, 27),
   (1231,  0, 13, 27), (1245,  0, 21, 27), (1267,  0, 19, 27), (1287,  0, 18, 27),
   (1306,  0, 23, 27), (1330,  0, 17, 27), (1348,  0, 22, 27), (1371,  0, 17, 27),
   (1389,  0, 14, 27), (1404,  0, 14, 27), (1419,  0, 15, 27), (1435,  0, 18, 27),
   (1454,  0, 19, 27), (1474,  0, 19, 27), (1494,  0, 14, 27), (1509,  0, 17, 27),
   (1527,  0, 14, 27), (1542,  0, 17, 27), (1560,  0, 14, 27), (1575,  0, 13, 27),
   (1589,  0, 13, 27), (1603,  0, 15, 27), (1619,  0, 13, 27), (1633,  0, 19, 27),
   (1653,  0, 12, 27), (1666,  0, 19, 27), (1686,  0, 15, 27), (1702,  0, 16, 27),
   (1719,  0, 13, 27), (1733,  0, 17, 27), (1751,  0, 19, 27), (1771,  0, 19, 27),
   (1791,  0, 16, 27), (1808,  0, 22, 27), (1831,  0, 22, 27), (1854,  0, 16, 27),
   (1871,  0, 21, 27), (1893,  0, 21, 27), (1915,  0, 21, 27), (1937,  0, 21, 27),
   (1959,  0, 21, 27), (1981,  0, 21, 27), (2003,  0, 25, 27), (2029,  0, 19, 27),
   (2049,  0, 18, 27), (2068,  0, 18, 27), (2087,  0, 18, 27), (2106,  0, 18, 27),
   (2125,  0, 14, 27), (2140,  0, 14, 27), (2155,  0, 16, 27), (2172,  0, 15, 27),
   (2188,  0, 21, 27), (2210,  0, 20, 27), (2231,  0, 20, 27), (2252,  0, 20, 27),
   (2273,  0, 20, 27), (2294,  0, 20, 27), (2315,  0, 20, 27), (2336,  0, 20, 27),
   (2357,  0, 20, 27), (2378,  0, 20, 27), (2399,  0, 20, 27), (2420,  0, 20, 27),
   (2441,  0, 20, 27), (2462,  0, 19, 27), (2482,  0, 18, 27), (2501,  0, 18, 27),
   (2520,  0, 18, 27), (2539,  0, 18, 27), (2558,  0, 18, 27), (2577,  0, 18, 27),
   (2596,  0, 23, 27), (2620,  0, 18, 27), (2639,  0, 18, 27), (2658,  0, 18, 27),
   (2677,  0, 18, 27), (2696,  0, 18, 27), (2715,  0, 14, 27), (2730,  0, 14, 27),
   (2745,  0, 16, 27), (2762,  0, 15, 27), (2778,  0, 18, 27), (2797,  0, 17, 27),
   (2815,  0, 19, 27), (2835,  0, 19, 27), (2855,  0, 19, 27), (2875,  0, 19, 27),
   (2895,  0, 19, 27), (2915,  0, 19, 27), (2935,  0, 17, 27), (2953,  0, 17, 27),
   (2971,  0, 17, 27), (2989,  0, 17, 27), (3007,  0, 18, 27), (3026,  0, 18, 27));

Define OffsetList
 ( (-5, 0), (-4, 0), (-4, 0), (-4, 0), (-4, 0), (-4, 0), (-4, 0), (-4, 0),
   (-4, 0), (-5, 0), (-4, 0), (-4, 0), (-4, 0), (-4, 0), (-4, 0), (-4, 0),
   (-4, 0), (-4, 0), (-4, 0), (-5, 0), (-4, 0), (-5, 0), (-5, 0), (-5, 0),
   (-5, 0), (-5, 0), (-5, 0), (-4, 0), (-5, 0), (-5, 0), (-5, 0), (-5, 0),
   (-5, 0), (-4, 0), (-4, 0), (-5, 0), (-4, 0), (-4, 0), (-4, 0), (-4, 0),
   (-5, 0), (-4, 0), (-5, 0), (-4, 0), (-5, 0), (-5, 0), (-4, 0), (-5, 0),
   (-5, 0), (-5, 0), (-5, 0), (-5, 0), (-5, 0), (-4, 0), (-4, 0), (-5, 0),
   (-5, 0), (-5, 0), (-5, 0), (-5, 0), (-5, 0), (-5, 0), (-5, 0), (-5, 0),
   (-3, 0), (-3, 0), (-5, 0), (-5, 0), (-5, 0), (-4, 0), (-5, 0), (-4, 0),
   (-4, 0), (-4, 0), (-5, 0), (-5, 0), (-5, 0), (-5, 0), (-4, 0), (-6, 0),
   (-5, 0), (-6, 0), (-5, 0), (-4, 0), (-4, 0), (-4, 0), (-4, 0), (-5, 0),
   (-4, 0), (-5, 0), (-5, 0), (-4, 0), (-4, 0), (-4, 0), (-5, 0), (-5, 0),
   (-4, 0), (-5, 0), (-5, 0), (-4, 0), (-5, 0), (-5, 0), (-5, 0), (-5, 0),
   (-5, 0), (-5, 0), (-5, 0), (-4, 0), (-4, 0), (-4, 0), (-4, 0), (-4, 0),
   (-5, 0), (-4, 0), (-6, 0), (-5, 0), (-5, 0), (-4, 0), (-4, 0), (-4, 0),
   (-4, 0), (-4, 0), (-4, 0), (-4, 0), (-4, 0), (-4, 0), (-4, 0), (-4, 0),
   (-5, 0), (-4, 0), (-5, 0), (-5, 0), (-5, 0), (-5, 0), (-5, 0), (-5, 0),
   (-5, 0), (-5, 0), (-5, 0), (-5, 0), (-5, 0), (-5, 0), (-5, 0), (-4, 0),
   (-6, 0), (-5, 0), (-4, 0), (-4, 0), (-5, 0), (-5, 0), (-5, 0), (-5, 0),
   (-5, 0), (-5, 0), (-4, 0), (-4, 0), (-4, 0), (-4, 0), (-5, 0), (-5, 0));

Define KerningPairs
 ("00","01","1-","1.","10","11","14","19","7,","7-","7.","74","76","AC","AG","AO",
  "AQ","AS","AT","AU","AV","AW","AY","Av","Aw","Ay","BV","BY","DA","DJ","DV","DY",
  "EG","EY","F,","F-","F.","FA","FJ","Fa","Fe","Fo","Fr","Fu","Fä","Fö","Fü","J,",
  "J.","JA","JO","Ja","Je","Jo","Ju","KO","Ke","Ko","Ku","Kw","Ky","L-","LO","LT",
  "LV","LW","LY","Ly","NT","O,","O.","OA","OT","OV","OW","OX","OY","Oa","P,","P-",
  "P.","PA","Pa","Pe","Po","Pr","Pu","QU","RT","RV","RW","RY","Ra","Re","Ro","Ru",
  "Ry","SA","ST","SV","SY","Sa","Sc","Se","So","Sv","Sy","T,","T-","T.","T:","T;",
  "TA","TJ","TO","Ta","Te","Ti","To","Tr","Tu","Tw","Ty","Tä","Tå","Té","Tö","Tø",
  "Tü","U,","U.","V,","V-","V.","V:","V;","VA","VC","VG","VO","Va","Ve","Vi","Vo",
  "Vu","Vä","Vö","Vü","W,","W-","W.","W:","W;","WA","WO","Wa","We","Wo","Wr","Wu",
  "Wy","Wä","Wö","Wü","XO","Y,","Y-","Y.","Y:","Y;","YA","YC","YO","Ya","Ye","Yi",
  "Yo","Yu","ch","ck","f,","f.","ff","ft","ga","hy","iv","ka","ke","kg","ky","my",
  "nv","nw","ny","r,","r-","r.","rr","rs","rt","tt","v,","v-","v.","w,","w-","w.",
  "wa","x-","y,","y-","y.","ze","zo");

Define KerningValues (   0,  -1,   0,  -1,  -1,  -2,   0,  -1,  -3,  -1,  -3,  -1,   0,   0,   0,   0,     0,   0,  -1,   0,  -1,   0,  -1,   0,   0,   0,   0,   0,   0,   0,   0,  -1,     0,   0,  -3,  -1,  -3,   0,  -2,   0,   0,   0,   0,   0,   0,   0,   0,   0,     0,   0,   0,   0,   0,   0,   0,   0,   0,   0,   0,   0,   0,  -2,   0,  -1,    -1,  -1,  -2,  -1,   0,   0,   0,   0,   0,   0,   0,   0,  -1,   0,  -3,  -1,    -3,  -1,   0,   0,   0,   0,   0,   0,   0,   0,   0,   0,   0,   0,   0,   0,     0,   0,   0,   0,   0,   0,   0,   0,   0,   0,   0,  -2,  -2,  -2,  -2,  -2,    -1,  -2,   0,  -1,  -1,   0,  -1,  -1,  -1,  -1,  -1,  -1,  -1,  -1,  -1,  -1,    -1,   0,   0,  -1,  -1,  -1,  -1,  -1,  -1,   0,   0,   0,  -1,  -1,   0,  -1,    -1,  -1,  -1,  -1,  -1,   0,  -1,   0,   0,   0,   0,  -1,  -1,  -1,   0,   0,     0,  -1,  -1,   0,   0,  -2,  -2,  -2,  -1,  -1,  -1,   0,   0,  -1,  -1,   0,    -1,  -1,   0,   0,   0,   0,   0,   0,   0,   0,   0,   0,   0,   0,   0,   0,     0,   0,   0,  -1,  -1,  -1,   0,   0,   0,   0,  -1,   0,  -1,   0,   0,   0,     0,   0,  -1,   0,  -1,   0,   0);

CreateLayer               Main;
LayerSetImage             Main '../images/12ptfontglow';
LayerSetAscent            Main 18;
LayerSetCharWidths        Main CharList WidthList;
LayerSetCharWidths        Main (' ') (10);
LayerSetKerningPairs      Main KerningPairs KerningValues;
LayerSetImageMap          Main CharList RectList;
LayerSetCharOffsets       Main CharList OffsetList;
LayerSetAscentPadding     Main 5;
LayerSetLineSpacingOffset Main -5;
LayerSetPointSize         Main 11;

SetDefaultPointSize  11;
