Define CharList
 ( 'A', 'B', 'C', 'D', 'E', 'F', 'G', 'H', 'I', 'J', 'K', 'L', 'M', 'N', 'O', 'P',
   'Q', 'R', 'S', 'T', 'U', 'V', 'W', 'X', 'Y', 'Z', 'a', 'b', 'c', 'd', 'e', 'f',
   'g', 'h', 'i', 'j', 'k', 'l', 'm', 'n', 'o', 'p', 'q', 'r', 's', 't', 'u', 'v',
   'w', 'x', 'y', 'z', '0', '1', '2', '3', '4', '5', '6', '7', '8', '9', '~', '`',
   '!', '@', '#', '$', '%', '^', '&', '*', '(', ')', '-', '_', '=', '+', '[', '{',
   ']', '}', ';', ':',"'", '"', ',', '<', '.', '>', '/', '?', '¡', '¢', '£', '¥',
   '§', '©', '®');

Define WidthList
 (  12,  12,  12,  12,  12,  12,  12,  12,  12,  12,  12,  12,  12,  12,  12,  12,
    12,  12,  12,  12,  12,  12,  12,  12,  12,  12,  12,  12,  12,  12,  12,  12,
    12,  12,  12,  12,  12,  12,  12,  12,  12,  12,  12,  12,  12,  12,  12,  12,
    12,  12,  12,  12,  12,  12,  12,  12,  12,  12,  12,  12,  12,  12,  12,  12,
    12,  12,  12,  12,  12,  12,  12,  12,  12,  12,  12,  12,  12,  12,  12,  12,
    12,  12,  12,  12,  12,  12,  12,  12,  12,  12,  12,  12,  12,  12,  12,  12,
    12,  12,  12);

Define RectList
 ( (   0,  0, 12, 20), (  13,  0, 10, 20), (  24,  0, 10, 20), (  35,  0, 11, 20),
   (  47,  0, 10, 20), (  58,  0, 10, 20), (  69,  0, 11, 20), (  81,  0, 10, 20),
   (  92,  0,  8, 20), ( 101,  0, 11, 20), ( 113,  0, 11, 20), ( 125,  0, 10, 20),
   ( 136,  0, 12, 20), ( 149,  0, 10, 20), ( 160,  0, 10, 20), ( 171,  0, 10, 20),
   ( 182,  0, 10, 20), ( 193,  0, 11, 20), ( 205,  0, 10, 20), ( 216,  0, 10, 20),
   ( 227,  0, 10, 20), ( 238,  0, 11, 20), ( 250,  0, 13, 20), ( 264,  0, 11, 20),
   ( 276,  0, 10, 20), ( 287,  0,  8, 20), ( 296,  0, 10, 20), ( 307,  0, 11, 20),
   ( 319,  0, 10, 20), ( 330,  0, 11, 20), ( 342,  0, 10, 20), ( 353,  0,  9, 20),
   ( 363,  0, 11, 20), ( 375,  0, 10, 20), ( 386,  0,  8, 20), ( 395,  0,  8, 20),
   ( 404,  0, 10, 20), ( 415,  0,  8, 20), ( 424,  0, 12, 20), ( 437,  0, 10, 20),
   ( 448,  0, 10, 20), ( 459,  0, 11, 20), ( 471,  0, 11, 20), ( 483,  0, 10, 20),
   ( 494,  0,  8, 20), ( 503,  0, 10, 20), ( 514,  0, 10, 20), ( 525,  0, 11, 20),
   ( 537,  0, 11, 20), ( 549,  0, 10, 20), ( 560,  0, 11, 20), ( 572,  0,  8, 20),
   ( 581,  0,  9, 20), ( 591,  0,  8, 20), ( 600,  0,  9, 20), ( 610,  0, 10, 20),
   ( 621,  0,  9, 20), ( 631,  0,  9, 20), ( 641,  0,  9, 20), ( 651,  0,  9, 20),
   ( 661,  0,  9, 20), ( 671,  0,  9, 20), ( 681,  0, 10, 20), ( 692,  0,  4, 20),
   ( 697,  0,  3, 20), ( 701,  0,  7, 20), ( 709,  0, 10, 20), ( 720,  0,  8, 20),
   ( 729,  0,  9, 20), ( 739,  0,  9, 20), ( 749,  0,  9, 20), ( 759,  0,  8, 20),
   ( 768,  0,  4, 20), ( 773,  0,  4, 20), ( 778,  0,  9, 20), ( 788,  0,  0, 20),
   ( 789,  0, 11, 20), ( 801,  0, 10, 20), ( 812,  0,  4, 20), ( 817,  0,  6, 20),
   ( 824,  0,  4, 20), ( 829,  0,  6, 20), ( 836,  0,  6, 20), ( 843,  0,  3, 20),
   ( 847,  0,  3, 20), ( 851,  0,  8, 20), ( 860,  0,  4, 20), ( 865,  0, 11, 20),
   ( 877,  0,  3, 20), ( 881,  0, 11, 20), ( 893,  0,  8, 20), ( 902,  0,  8, 20),
   ( 911,  0,  5, 20), ( 917,  0, 14, 20), ( 932,  0, 14, 20), ( 947,  0, 14, 20),
   ( 962,  0, 14, 20), ( 977,  0, 14, 20), ( 992,  0, 15, 20));

Define OffsetList
 ( ( 0, 0), ( 1, 0), ( 1, 0), ( 0, 0), ( 1, 0), ( 1, 0), ( 1, 0), ( 1, 0),
   ( 2, 0), ( 1, 0), ( 1, 0), ( 1, 0), ( 0, 0), ( 1, 0), ( 1, 0), ( 1, 0),
   ( 1, 0), ( 1, 0), ( 1, 0), ( 1, 0), ( 1, 0), ( 0, 0), ( 0, 0), ( 0, 0),
   ( 1, 0), ( 2, 0), ( 1, 0), ( 0, 0), ( 1, 0), ( 1, 0), ( 1, 0), ( 2, 0),
   ( 1, 0), ( 1, 0), ( 2, 0), ( 1, 0), ( 1, 0), ( 2, 0), ( 0, 0), ( 1, 0),
   ( 1, 0), ( 0, 0), ( 1, 0), ( 1, 0), ( 2, 0), ( 1, 0), ( 1, 0), ( 0, 0),
   ( 0, 0), ( 1, 0), ( 0, 0), ( 2, 0), ( 1, 0), ( 2, 0), ( 1, 0), ( 0, 0),
   ( 1, 0), ( 1, 0), ( 1, 0), ( 1, 0), ( 1, 0), ( 1, 0), ( 1, 0), ( 4, 0),
   ( 4, 0), ( 2, 0), ( 1, 0), ( 2, 0), ( 1, 0), ( 1, 0), ( 2, 0), ( 2, 0),
   ( 5, 0), ( 3, 0), ( 1, 0), (256, 0), ( 0, 0), ( 1, 0), ( 5, 0), ( 3, 0),
   ( 3, 0), ( 2, 0), ( 3, 0), ( 4, 0), ( 5, 0), ( 2, 0), ( 4, 0), ( 0, 0),
   ( 4, 0), ( 1, 0), ( 2, 0), ( 2, 0), ( 3, 0), (-1, 0), (-1, 0), (-1, 0),
   (-1, 0), (-1, 0), (-1, 0));

CreateLayer               Main;
LayerSetImage             Main '../images/CourierFinalDraft15Bold';
LayerSetAscent            Main 16;
LayerSetCharWidths        Main CharList WidthList;
LayerSetCharWidths        Main (' ') (12);
LayerSetImageMap          Main CharList RectList;
LayerSetCharOffsets       Main CharList OffsetList;
LayerSetAscentPadding     Main 0;
LayerSetLineSpacingOffset Main 0;
LayerSetPointSize         Main 15;

SetDefaultPointSize  15;
