Define CharList
 ( 'A', 'B', 'C', 'D', 'E', 'F', 'G', 'H', 'I', 'J', 'K', 'L', 'M', 'N', 'O', 'P',
   'Q', 'R', 'S', 'T', 'U', 'V', 'W', 'X', 'Y', 'Z', 'a', 'b', 'c', 'd', 'e', 'f',
   'g', 'h', 'i', 'j', 'k', 'l', 'm', 'n', 'o', 'p', 'q', 'r', 's', 't', 'u', 'v',
   'w', 'x', 'y', 'z', '0', '1', '2', '3', '4', '5', '6', '7', '8', '9', '~', '`',
   '!', '@', '#', '$', '%', '^', '&', '*', '(', ')', '-', '_', '=', '+', '[', '{',
   ']', '}', ';', ':',"'", '"', ',', '<', '.', '>', '/', '?', '¡', '¢', '£', '¥',
   '§', '©', '®', '¿', 'À', 'Á', 'Â', 'Ã', 'Ä', 'Å', 'Æ', 'Ç', 'È', 'É', 'Ê', 'Ë',
   'Ì', 'Í', 'Î', 'Ï', 'Ð', 'Ñ', 'Ò', 'Ó', 'Ô', 'Õ', 'Ö', 'Ø', 'Ù', 'Ú', 'Û', 'Ü',
   'Ý', 'ß', 'à', 'á', 'â', 'ã', 'ä', 'å', 'æ', 'ç', 'è', 'é', 'ê', 'ë', 'ì', 'í',
   'î', 'ï', 'ð', 'ñ', 'ò', 'ó', 'ô', 'õ', 'ö', 'ø', 'ù', 'ú', 'û', 'ü', 'ý', 'ÿ');

Define WidthList
 (   5,   6,   5,   6,   6,   5,   6,   6,   3,   3,   5,   5,   7,   6,   7,   6,
     7,   6,   4,   5,   6,   5,   9,   5,   5,   4,   5,   5,   4,   5,   5,   3,
     5,   5,   3,   2,   5,   2,   8,   5,   5,   5,   5,   4,   4,   3,   5,   5,
     7,   5,   5,   4,   6,   6,   6,   6,   6,   6,   6,   6,   6,   6,  10,   5,
     3,  16,  10,   6,   9,   7,   0,   5,   3,   3,   4,   8,  10,  10,   4,   5,
     4,   5,   3,   3,   3,   5,   3,  10,   3,  10,   4,   4,   3,   4,   6,   5,
     5,  12,  12,   4,   5,   5,   5,   5,   5,   5,   8,   5,   6,   6,   6,   6,
     3,   3,   3,   3,   6,   6,   7,   7,   7,   7,   7,   7,   6,   6,   6,   6,
     5,   5,   5,   5,   5,   5,   5,   5,   7,   4,   5,   5,   5,   5,   3,   3,
     3,   3,   5,   5,   5,   5,   5,   5,   5,   5,   5,   5,   5,   5,   5,   5);

Define RectList
 ( (   0,  0,  6, 20), (   7,  0,  5, 20), (  13,  0,  5, 20), (  19,  0,  5, 20),
   (  25,  0,  4, 20), (  30,  0,  4, 20), (  35,  0,  6, 20), (  42,  0,  5, 20),
   (  48,  0,  1, 20), (  50,  0,  3, 20), (  54,  0,  5, 20), (  60,  0,  4, 20),
   (  65,  0,  6, 20), (  72,  0,  5, 20), (  78,  0,  7, 20), (  86,  0,  5, 20),
   (  92,  0,  7, 20), ( 100,  0,  5, 20), ( 106,  0,  4, 20), ( 111,  0,  5, 20),
   ( 117,  0,  5, 20), ( 123,  0,  5, 20), ( 129,  0, 10, 20), ( 140,  0,  6, 20),
   ( 147,  0,  5, 20), ( 153,  0,  4, 20), ( 158,  0,  5, 20), ( 164,  0,  5, 20),
   ( 170,  0,  4, 20), ( 175,  0,  5, 20), ( 181,  0,  5, 20), ( 187,  0,  4, 20),
   ( 192,  0,  5, 20), ( 198,  0,  5, 20), ( 204,  0,  2, 20), ( 207,  0,  3, 20),
   ( 211,  0,  5, 20), ( 217,  0,  2, 20), ( 220,  0,  8, 20), ( 229,  0,  5, 20),
   ( 235,  0,  5, 20), ( 241,  0,  5, 20), ( 247,  0,  5, 20), ( 253,  0,  4, 20),
   ( 258,  0,  4, 20), ( 263,  0,  4, 20), ( 268,  0,  5, 20), ( 274,  0,  5, 20),
   ( 280,  0,  7, 20), ( 288,  0,  5, 20), ( 294,  0,  5, 20), ( 300,  0,  4, 20),
   ( 305,  0,  6, 20), ( 312,  0,  1, 20), ( 314,  0,  5, 20), ( 320,  0,  5, 20),
   ( 326,  0,  6, 20), ( 333,  0,  4, 20), ( 338,  0,  5, 20), ( 344,  0,  5, 20),
   ( 350,  0,  6, 20), ( 357,  0,  5, 20), ( 363,  0,  9, 20), ( 373,  0,  3, 20),
   ( 377,  0,  2, 20), ( 380,  0, 12, 20), ( 393,  0,  9, 20), ( 403,  0,  6, 20),
   ( 410,  0, 10, 20), ( 421,  0,  7, 20), ( 429,  0,  7, 20), ( 437,  0,  6, 20),
   ( 444,  0,  4, 20), ( 449,  0,  3, 20), ( 453,  0,  4, 20), ( 458,  0,  8, 20),
   ( 467,  0,  8, 20), ( 476,  0,  8, 20), ( 485,  0,  4, 20), ( 490,  0,  5, 20),
   ( 496,  0,  3, 20), ( 500,  0,  5, 20), ( 506,  0,  2, 20), ( 509,  0,  2, 20),
   ( 512,  0,  2, 20), ( 515,  0,  4, 20), ( 520,  0,  2, 20), ( 523,  0,  8, 20),
   ( 532,  0,  2, 20), ( 535,  0,  8, 20), ( 544,  0,  5, 20), ( 550,  0,  4, 20),
   ( 555,  0,  2, 20), ( 558,  0,  5, 20), ( 564,  0,  6, 20), ( 571,  0,  5, 20),
   ( 577,  0,  5, 20), ( 583,  0, 12, 20), ( 596,  0, 12, 20), ( 609,  0,  4, 20),
   ( 614,  0,  6, 20), ( 621,  0,  6, 20), ( 628,  0,  6, 20), ( 635,  0,  6, 20),
   ( 642,  0,  6, 20), ( 649,  0,  6, 20), ( 656,  0,  8, 20), ( 665,  0,  5, 20),
   ( 671,  0,  4, 20), ( 676,  0,  4, 20), ( 681,  0,  4, 20), ( 686,  0,  4, 20),
   ( 691,  0,  2, 20), ( 694,  0,  2, 20), ( 697,  0,  4, 20), ( 702,  0,  3, 20),
   ( 706,  0,  6, 20), ( 713,  0,  5, 20), ( 719,  0,  7, 20), ( 727,  0,  7, 20),
   ( 735,  0,  7, 20), ( 743,  0,  7, 20), ( 751,  0,  7, 20), ( 759,  0,  7, 20),
   ( 767,  0,  5, 20), ( 773,  0,  5, 20), ( 779,  0,  5, 20), ( 785,  0,  5, 20),
   ( 791,  0,  5, 20), ( 797,  0,  5, 20), ( 803,  0,  5, 20), ( 809,  0,  5, 20),
   ( 815,  0,  5, 20), ( 821,  0,  5, 20), ( 827,  0,  5, 20), ( 833,  0,  5, 20),
   ( 839,  0,  7, 20), ( 847,  0,  4, 20), ( 852,  0,  5, 20), ( 858,  0,  5, 20),
   ( 864,  0,  5, 20), ( 870,  0,  5, 20), ( 876,  0,  2, 20), ( 879,  0,  3, 20),
   ( 883,  0,  4, 20), ( 888,  0,  4, 20), ( 893,  0,  5, 20), ( 899,  0,  5, 20),
   ( 905,  0,  5, 20), ( 911,  0,  5, 20), ( 917,  0,  5, 20), ( 923,  0,  5, 20),
   ( 929,  0,  5, 20), ( 935,  0,  5, 20), ( 941,  0,  5, 20), ( 947,  0,  5, 20),
   ( 953,  0,  5, 20), ( 959,  0,  5, 20), ( 965,  0,  5, 20), ( 971,  0,  5, 20));

Define OffsetList
 ( ( 0, 0), ( 1, 0), ( 0, 0), ( 1, 0), ( 1, 0), ( 1, 0), ( 0, 0), ( 1, 0),
   ( 1, 0), (-1, 0), ( 1, 0), ( 1, 0), ( 1, 0), ( 1, 0), ( 0, 0), ( 1, 0),
   ( 0, 0), ( 1, 0), ( 0, 0), ( 0, 0), ( 1, 0), ( 0, 0), ( 0, 0), ( 0, 0),
   ( 0, 0), ( 0, 0), ( 0, 0), ( 0, 0), ( 0, 0), ( 0, 0), ( 0, 0), ( 0, 0),
   ( 0, 0), ( 0, 0), ( 0, 0), (-1, 0), ( 0, 0), ( 0, 0), ( 0, 0), ( 0, 0),
   ( 0, 0), ( 0, 0), ( 0, 0), ( 0, 0), ( 0, 0), ( 0, 0), ( 0, 0), ( 0, 0),
   ( 0, 0), ( 0, 0), ( 0, 0), ( 0, 0), ( 0, 0), ( 2, 0), ( 0, 0), ( 0, 0),
   ( 0, 0), ( 1, 0), ( 1, 0), ( 0, 0), ( 0, 0), ( 1, 0), ( 1, 0), ( 1, 0),
   ( 0, 0), ( 2, 0), ( 1, 0), ( 0, 0), ( 0, 0), ( 0, 0), ( 0, 0), ( 0, 0),
   ( 0, 0), ( 0, 0), ( 0, 0), ( 0, 0), ( 1, 0), ( 1, 0), ( 1, 0), ( 0, 0),
   ( 0, 0), ( 0, 0), ( 0, 0), ( 0, 0), ( 0, 0), ( 1, 0), ( 0, 0), ( 1, 0),
   ( 0, 0), ( 1, 0), ( 0, 0), ( 0, 0), ( 0, 0), ( 0, 0), ( 0, 0), ( 0, 0),
   ( 0, 0), ( 0, 0), ( 0, 0), ( 0, 0), ( 0, 0), ( 0, 0), ( 0, 0), ( 0, 0),
   ( 0, 0), ( 0, 0), ( 0, 0), ( 0, 0), ( 1, 0), ( 1, 0), ( 1, 0), ( 1, 0),
   ( 0, 0), ( 1, 0), ( 0, 0), ( 0, 0), ( 0, 0), ( 1, 0), ( 0, 0), ( 0, 0),
   ( 0, 0), ( 0, 0), ( 0, 0), ( 0, 0), ( 1, 0), ( 1, 0), ( 1, 0), ( 1, 0),
   ( 0, 0), ( 0, 0), ( 0, 0), ( 0, 0), ( 0, 0), ( 0, 0), ( 0, 0), ( 0, 0),
   ( 0, 0), ( 0, 0), ( 0, 0), ( 0, 0), ( 0, 0), ( 0, 0), ( 0, 0), ( 0, 0),
   (-1, 0), (-1, 0), ( 0, 0), ( 0, 0), ( 0, 0), ( 0, 0), ( 0, 0), ( 0, 0),
   ( 0, 0), ( 0, 0), ( 0, 0), ( 0, 0), ( 0, 0), ( 0, 0), ( 0, 0), ( 0, 0));

Define KerningPairs
 ("AT","AY","Aw","C,","C.","DA","DV","DW","DY","F,","F.","FA","Fa","Fe","Fi","Fo",
  "Fr","G,","G.","LW","Ly","OT","OV","OW","OX","OY","P,","P.","PA","Pe","Po","RW",
  "RY","T-","TA","TO","Ta","Te","To","Tr","Tu","Tw","Ty","V-","VA","VO","Va","Ve",
  "Vo","Vu","W,","W-","W.","WA","WO","Wa","We","Wo","Wu","Wy","Y-","YA","YO","Ya",
  "Ye","Yo","Yu","av","ay","bv","by","c,","c.","e,","e.","ey","f,","f.","hy","my",
  "ny","ov","ox","oy","py","r:","r;","rt","rv","ry","s,","s.","xe");

Define KerningValues (   0,   0,   0,   0,   0,   0,   0,   0,   0,  -1,  -1,   0,   0,   0,   0,   0,     0,   0,   0,   0,   0,   0,   0,   0,   0,   0,  -1,  -1,   0,   0,   0,   0,     0,   0,   0,   0,  -1,  -1,  -1,   0,   0,   0,   0,   0,   0,   0,   0,   0,     0,   0,   0,   0,   0,   0,   0,   0,   0,   0,   0,   0,  -1,   0,   0,   0,     0,   0,   0,   0,   0,   0,   0,   0,   0,   0,   0,   0,   0,   0,   0,   0,     0,   0,   0,   0,   0,   1,   1,   0,   0,   0,   0,   0,   0);

CreateLayer               Main;
LayerSetImage             Main '../images/GillSansMTCondensed12';
LayerSetAscent            Main 15;
LayerSetCharWidths        Main CharList WidthList;
LayerSetCharWidths        Main (' ') (5);
LayerSetKerningPairs      Main KerningPairs KerningValues;
LayerSetImageMap          Main CharList RectList;
LayerSetCharOffsets       Main CharList OffsetList;
LayerSetAscentPadding     Main 0;
LayerSetLineSpacingOffset Main 0;
LayerSetPointSize         Main 12;

SetDefaultPointSize  12;
