Define CharList
 ( 'A', 'B', 'C', 'D', 'E', 'F', 'G', 'H', 'I', 'J', 'K', 'L', 'M', 'N', 'O', 'P',
   'Q', 'R', 'S', 'T', 'U', 'V', 'W', 'X', 'Y', 'Z', 'a', 'b', 'c', 'd', 'e', 'f',
   'g', 'h', 'i', 'j', 'k', 'l', 'm', 'n', 'o', 'p', 'q', 'r', 's', 't', 'u', 'v',
   'w', 'x', 'y', 'z', '0', '1', '2', '3', '4', '5', '6', '7', '8', '9', '~', '`',
   '!', '@', '#', '$', '%', '^', '&', '*', '(', ')', '-', '_', '=', '+', '[', '{',
   ']', '}', ';', ':',"'", '"', ',', '<', '.', '>', '/', '?', '¡', '¢', '£', '¥',
   '§', '©', '®', '¿', 'À', 'Á', 'Â', 'Ã', 'Ä', 'Å', 'Æ', 'Ç', 'È', 'É', 'Ê', 'Ë',
   'Ì', 'Í', 'Î', 'Ï', 'Ð', 'Ñ', 'Ò', 'Ó', 'Ô', 'Õ', 'Ö', 'Ø', 'Ù', 'Ú', 'Û', 'Ü',
   'Ý', 'ß', 'à', 'á', 'â', 'ã', 'ä', 'å', 'æ', 'ç', 'è', 'é', 'ê', 'ë', 'ì', 'í',
   'î', 'ï', 'ð', 'ñ', 'ò', 'ó', 'ô', 'õ', 'ö', 'ø', 'ù', 'ú', 'û', 'ü', 'ý', 'ÿ');

Define WidthList
 (  10,   9,  10,  10,   8,   8,  11,  11,   4,   4,   9,   8,  12,  11,  11,   9,
    11,   9,   8,   9,  11,   9,  15,  11,   9,   9,   7,   8,   7,   8,   7,   4,
     7,   8,   4,   4,   7,   4,  12,   8,   8,   8,   8,   6,   6,   5,   8,   7,
    10,   7,   7,   7,   7,   7,   7,   7,   7,   7,   7,   7,   7,   7,   8,   4,
     4,  13,   8,   7,   9,   8,  10,   6,   5,   5,   4,   7,   8,   8,   6,   5,
     6,   5,   4,   4,   3,   6,   4,   8,   4,   8,   4,   5,   4,   7,   8,   9,
     8,   7,   9,   5,  10,  10,  10,  10,  10,  10,  15,  10,   8,   8,   8,   8,
     4,   4,   4,   4,  15,  15,  11,  11,  11,  11,  11,  11,  11,  11,  11,  11,
    11,   9,   7,   7,   7,   7,   7,   7,  15,   7,   7,   7,   7,   7,   4,   4,
     4,   4,   8,   8,   8,   8,   8,   8,   8,   8,   8,   8,   8,   8,   7,   7);

Define RectList
 ( (   0,  0,  9, 15), (  10,  0,  7, 15), (  18,  0,  8, 15), (  27,  0,  8, 15),
   (  36,  0,  6, 15), (  43,  0,  6, 15), (  50,  0,  9, 15), (  60,  0,  9, 15),
   (  70,  0,  2, 15), (  73,  0,  4, 15), (  78,  0,  8, 15), (  87,  0,  7, 15),
   (  95,  0,  9, 15), ( 105,  0,  9, 15), ( 115,  0,  9, 15), ( 125,  0,  7, 15),
   ( 133,  0,  9, 15), ( 143,  0,  8, 15), ( 152,  0,  6, 15), ( 159,  0,  8, 15),
   ( 168,  0,  9, 15), ( 178,  0, 11, 15), ( 190,  0, 15, 15), ( 206,  0, 11, 15),
   ( 218,  0, 10, 15), ( 229,  0,  9, 15), ( 239,  0,  7, 15), ( 247,  0,  6, 15),
   ( 254,  0,  5, 15), ( 260,  0,  6, 15), ( 267,  0,  5, 15), ( 273,  0,  5, 15),
   ( 279,  0,  6, 15), ( 286,  0,  6, 15), ( 293,  0,  2, 15), ( 296,  0,  3, 15),
   ( 300,  0,  6, 15), ( 307,  0,  2, 15), ( 310,  0, 10, 15), ( 321,  0,  6, 15),
   ( 328,  0,  6, 15), ( 335,  0,  6, 15), ( 342,  0,  6, 15), ( 349,  0,  6, 15),
   ( 356,  0,  4, 15), ( 361,  0,  5, 15), ( 367,  0,  6, 15), ( 374,  0,  7, 15),
   ( 382,  0,  9, 15), ( 392,  0,  7, 15), ( 400,  0,  7, 15), ( 408,  0,  6, 15),
   ( 415,  0,  5, 15), ( 421,  0,  2, 15), ( 424,  0,  5, 15), ( 430,  0,  5, 15),
   ( 436,  0,  6, 15), ( 443,  0,  5, 15), ( 449,  0,  5, 15), ( 455,  0,  6, 15),
   ( 462,  0,  5, 15), ( 468,  0,  5, 15), ( 474,  0,  7, 15), ( 482,  0,  3, 15),
   ( 486,  0,  2, 15), ( 489,  0, 13, 15), ( 503,  0,  7, 15), ( 511,  0,  7, 15),
   ( 519,  0,  9, 15), ( 529,  0,  7, 15), ( 537,  0,  9, 15), ( 547,  0,  6, 15),
   ( 554,  0,  4, 15), ( 559,  0,  4, 15), ( 564,  0,  3, 15), ( 568,  0,  7, 15),
   ( 576,  0,  7, 15), ( 584,  0,  6, 15), ( 591,  0,  4, 15), ( 596,  0,  4, 15),
   ( 601,  0,  4, 15), ( 606,  0,  4, 15), ( 611,  0,  2, 15), ( 614,  0,  2, 15),
   ( 617,  0,  2, 15), ( 620,  0,  5, 15), ( 626,  0,  2, 15), ( 629,  0,  6, 15),
   ( 636,  0,  2, 15), ( 639,  0,  6, 15), ( 646,  0,  4, 15), ( 651,  0,  4, 15),
   ( 656,  0,  4, 15), ( 661,  0,  7, 15), ( 669,  0, 11, 15), ( 681,  0, 14, 15),
   ( 696,  0,  8, 15), ( 705,  0,  7, 15), ( 713,  0, 12, 15), ( 726,  0,  6, 15),
   ( 733,  0, 13, 15), ( 747,  0, 13, 15), ( 761,  0, 13, 15), ( 775,  0, 13, 15),
   ( 789,  0, 13, 15), ( 803,  0, 13, 15), ( 817,  0, 21, 15), ( 839,  0, 12, 15),
   ( 852,  0,  8, 15), ( 861,  0,  8, 15), ( 870,  0,  8, 15), ( 879,  0,  8, 15),
   ( 888,  0,  4, 15), ( 893,  0,  4, 15), ( 898,  0,  4, 15), ( 903,  0,  4, 15),
   ( 908,  0, 21, 15), ( 930,  0, 21, 15), ( 952,  0, 13, 15), ( 966,  0, 13, 15),
   ( 980,  0, 13, 15), ( 994,  0, 13, 15), (1008,  0, 13, 15), (1022,  0, 13, 15),
   (1036,  0, 13, 15), (1050,  0, 13, 15), (1064,  0, 13, 15), (1078,  0, 13, 15),
   (1092,  0, 13, 15), (1106,  0, 11, 15), (1118,  0, 11, 15), (1130,  0, 11, 15),
   (1142,  0, 11, 15), (1154,  0, 11, 15), (1166,  0, 11, 15), (1178,  0, 11, 15),
   (1190,  0, 21, 15), (1212,  0,  7, 15), (1220,  0,  7, 15), (1228,  0,  7, 15),
   (1236,  0,  7, 15), (1244,  0,  7, 15), (1252,  0,  4, 15), (1257,  0,  4, 15),
   (1262,  0,  4, 15), (1267,  0,  4, 15), (1272,  0,  8, 15), (1281,  0,  8, 15),
   (1290,  0,  8, 15), (1299,  0,  8, 15), (1308,  0,  8, 15), (1317,  0,  8, 15),
   (1326,  0,  8, 15), (1335,  0,  8, 15), (1344,  0,  8, 15), (1353,  0,  8, 15),
   (1362,  0,  8, 15), (1371,  0,  8, 15), (1380,  0, 11, 15), (1392,  0, 11, 15));

Define OffsetList
 ( ( 0, 0), ( 1, 0), ( 1, 0), ( 1, 0), ( 1, 0), ( 1, 0), ( 1, 0), ( 1, 0),
   ( 1, 0), (-1, 0), ( 1, 0), ( 1, 0), ( 1, 0), ( 1, 0), ( 1, 0), ( 1, 0),
   ( 1, 0), ( 1, 0), ( 1, 0), ( 0, 0), ( 1, 0), (-1, 0), ( 0, 0), ( 0, 0),
   (-1, 0), ( 0, 0), ( 1, 0), ( 1, 0), ( 1, 0), ( 1, 0), ( 1, 0), ( 0, 0),
   ( 1, 0), ( 1, 0), ( 1, 0), ( 0, 0), ( 1, 0), ( 1, 0), ( 1, 0), ( 1, 0),
   ( 1, 0), ( 1, 0), ( 1, 0), ( 1, 0), ( 1, 0), ( 0, 0), ( 1, 0), ( 0, 0),
   ( 0, 0), ( 0, 0), ( 0, 0), ( 0, 0), ( 1, 0), ( 3, 0), ( 1, 0), ( 1, 0),
   ( 1, 0), ( 1, 0), ( 1, 0), ( 1, 0), ( 1, 0), ( 1, 0), ( 0, 0), ( 0, 0),
   ( 1, 0), ( 0, 0), ( 0, 0), ( 0, 0), ( 0, 0), ( 0, 0), ( 1, 0), ( 0, 0),
   ( 1, 0), ( 0, 0), ( 0, 0), ( 0, 0), ( 1, 0), ( 1, 0), ( 1, 0), ( 1, 0),
   ( 1, 0), ( 0, 0), ( 1, 0), ( 1, 0), ( 1, 0), ( 1, 0), ( 1, 0), ( 1, 0),
   ( 1, 0), ( 1, 0), ( 0, 0), ( 0, 0), ( 0, 0), ( 0, 0), (-1, 0), (-3, 0),
   ( 0, 0), ( 0, 0), (-1, 0), (-1, 0), (-2, 0), (-2, 0), (-2, 0), (-2, 0),
   (-2, 0), (-2, 0), (-3, 0), (-1, 0), ( 0, 0), ( 0, 0), ( 0, 0), ( 0, 0),
   ( 0, 0), ( 0, 0), ( 0, 0), ( 0, 0), (-3, 0), (-3, 0), (-1, 0), (-1, 0),
   (-1, 0), (-1, 0), (-1, 0), (-1, 0), (-1, 0), (-1, 0), (-1, 0), (-1, 0),
   (-1, 0), (-1, 0), (-1, 0), (-1, 0), (-1, 0), (-1, 0), (-1, 0), (-1, 0),
   (-3, 0), ( 0, 0), ( 0, 0), ( 0, 0), ( 0, 0), ( 0, 0), ( 0, 0), ( 0, 0),
   ( 0, 0), ( 0, 0), ( 0, 0), ( 0, 0), ( 0, 0), ( 0, 0), ( 0, 0), ( 0, 0),
   ( 0, 0), ( 0, 0), ( 0, 0), ( 0, 0), ( 0, 0), ( 0, 0), (-2, 0), (-2, 0));

Define KerningPairs
 ("AC","AG","AO","AQ","AT","AV","AW","AY","D,","D.","DA","DV","DW","DY","F,","F.",
  "FA","KO","Ke","Ko","Ku","Ky","LT","LV","LW","LY","O,","O.","OA","OT","OV","OW",
  "OX","OY","P,","P.","PA","Pe","Po","RT","RV","RW","RY","T,","T-","T.","TA","TO",
  "Ta","Te","To","Tr","Tu","Tw","Ty","UA","V,","V-","V.","VA","VG","VO","Va","Ve",
  "Vo","Vu","W,","W-","W.","WA","WO","Wa","We","Wo","Wu","Y,","Y-","Y.","YA","YO",
  "Ya","Ye","Yo","Yu","ay","ov","r,","r-","r.","r:","r;","v,","v.","w,","w.","y,",
  "y.");

Define KerningValues
 (  -1,  -1,  -1,  -1,  -2,  -1,  -1,  -1,  -1,  -1,  -1,  -1,  -1,  -1,  -2,  -2,
    -1,  -1,  -1,  -1,  -1,  -1,  -2,  -2,  -2,  -2,  -1,  -1,  -1,  -1,  -1,  -1,
    -1,  -1,  -2,  -2,  -1,  -1,  -1,  -1,  -1,  -1,  -1,  -2,  -3,  -2,  -2,  -1,
    -2,  -2,  -2,  -2,  -2,  -2,  -2,  -1,  -2,  -2,  -2,  -1,  -1,  -1,  -1,  -1,
    -1,  -1,  -2,  -2,  -2,  -1,  -1,  -1,  -1,  -1,  -1,  -2,  -2,  -2,  -1,  -1,
    -2,  -2,  -2,  -2,  -1,  -1,  -1,  -1,  -1,   1,   1,  -1,  -1,  -1,  -1,  -1,
    -1);

CreateLayer               Main;
LayerSetImage             Main '../images/GillSansMT10Bold';
LayerSetAscent            Main 12;
LayerSetCharWidths        Main CharList WidthList;
LayerSetCharWidths        Main (' ') (4);
LayerSetKerningPairs      Main KerningPairs KerningValues;
LayerSetImageMap          Main CharList RectList;
LayerSetCharOffsets       Main CharList OffsetList;
LayerSetAscentPadding     Main 0;
LayerSetLineSpacingOffset Main 0;
LayerSetPointSize         Main 10;

SetDefaultPointSize  10;
