Define CharList
 ( 'A', 'B', 'C', 'D', 'E', 'F', 'G', 'H', 'I', 'J', 'K', 'L', 'M', 'N', 'O', 'P',
   'Q', 'R', 'S', 'T', 'U', 'V', 'W', 'X', 'Y', 'Z', 'a', 'b', 'c', 'd', 'e', 'f',
   'g', 'h', 'i', 'j', 'k', 'l', 'm', 'n', 'o', 'p', 'q', 'r', 's', 't', 'u', 'v',
   'w', 'x', 'y', 'z', '0', '1', '2', '3', '4', '5', '6', '7', '8', '9', '~', '`',
   '!', '@', '#', '$', '%', '^', '&', '*', '(', ')', '-', '_', '=', '+', '[', '{',
   ']', '}', ';', ':',"'", '"', ',', '<', '.', '>', '/', '?', '¡', '¢', '£', '¥',
   '§', '©', '®', '¿', 'À', 'Á', 'Â', 'Ã', 'Ä', 'Å', 'Æ', 'Ç', 'È', 'É', 'Ê', 'Ë',
   'Ì', 'Í', 'Î', 'Ï', 'Ð', 'Ñ', 'Ò', 'Ó', 'Ô', 'Õ', 'Ö', 'Ø', 'Ù', 'Ú', 'Û', 'Ü',
   'Ý', 'ß', 'à', 'á', 'â', 'ã', 'ä', 'å', 'æ', 'ç', 'è', 'é', 'ê', 'ë', 'ì', 'í',
   'î', 'ï', 'ð', 'ñ', 'ò', 'ó', 'ô', 'õ', 'ö', 'ø', 'ù', 'ú', 'û', 'ü', 'ý', 'ÿ');

Define WidthList
 (   8,   8,   8,   9,   7,   7,   9,   9,   4,   5,   8,   7,  11,   9,   9,   8,
     9,   8,   7,   7,   9,   8,  12,   8,   8,   7,   7,   8,   7,   8,   7,   4,
     8,   8,   3,   3,   7,   3,  12,   8,   8,   8,   8,   5,   6,   5,   8,   7,
    10,   6,   7,   6,   7,   7,   7,   7,   7,   7,   7,   7,   7,   7,  10,   5,
     4,  11,   7,   7,  12,  10,   9,   6,   4,   4,   5,   8,  10,  10,   4,   4,
     4,   4,   3,   3,   3,   5,   3,  10,   3,  10,   5,   6,   4,   7,   7,   8,
     7,   7,   8,   6,   8,   8,   8,   8,   8,   8,  12,   8,   7,   7,   7,   7,
     4,   4,   4,   4,  12,  12,   9,   9,   9,   9,   9,   9,   9,   9,   9,   9,
     9,   8,   7,   7,   7,   7,   7,   7,  12,   7,   7,   7,   7,   7,   3,   3,
     3,   3,   8,   8,   8,   8,   8,   8,   8,   8,   8,   8,   8,   8,   7,   7);

Define RectList
 ( (   0,  0,  7, 18), (   8,  0,  6, 18), (  15,  0,  7, 18), (  23,  0,  7, 18),
   (  31,  0,  5, 18), (  37,  0,  5, 18), (  43,  0,  7, 18), (  51,  0,  6, 18),
   (  58,  0,  1, 18), (  60,  0,  3, 18), (  64,  0,  7, 18), (  72,  0,  5, 18),
   (  78,  0,  9, 18), (  88,  0,  6, 18), (  95,  0,  8, 18), ( 104,  0,  6, 18),
   ( 111,  0,  8, 18), ( 120,  0,  6, 18), ( 127,  0,  6, 18), ( 134,  0,  7, 18),
   ( 142,  0,  6, 18), ( 149,  0,  7, 18), ( 157,  0, 11, 18), ( 169,  0,  7, 18),
   ( 177,  0,  7, 18), ( 185,  0,  6, 18), ( 192,  0,  5, 18), ( 198,  0,  6, 18),
   ( 205,  0,  5, 18), ( 211,  0,  7, 18), ( 219,  0,  5, 18), ( 225,  0,  4, 18),
   ( 230,  0,  7, 18), ( 238,  0,  6, 18), ( 245,  0,  1, 18), ( 247,  0,  3, 18),
   ( 251,  0,  6, 18), ( 258,  0,  1, 18), ( 260,  0,  9, 18), ( 270,  0,  6, 18),
   ( 277,  0,  6, 18), ( 284,  0,  6, 18), ( 291,  0,  6, 18), ( 298,  0,  4, 18),
   ( 303,  0,  4, 18), ( 308,  0,  4, 18), ( 313,  0,  6, 18), ( 320,  0,  7, 18),
   ( 328,  0,  9, 18), ( 338,  0,  6, 18), ( 345,  0,  5, 18), ( 351,  0,  6, 18),
   ( 358,  0,  6, 18), ( 365,  0,  3, 18), ( 369,  0,  6, 18), ( 376,  0,  6, 18),
   ( 383,  0,  6, 18), ( 390,  0,  6, 18), ( 397,  0,  6, 18), ( 404,  0,  6, 18),
   ( 411,  0,  6, 18), ( 418,  0,  6, 18), ( 425,  0,  8, 18), ( 434,  0,  3, 18),
   ( 438,  0,  1, 18), ( 440,  0,  9, 18), ( 450,  0,  6, 18), ( 457,  0,  5, 18),
   ( 463,  0, 11, 18), ( 475,  0,  7, 18), ( 483,  0,  9, 18), ( 493,  0,  5, 18),
   ( 499,  0,  3, 18), ( 503,  0,  3, 18), ( 507,  0,  4, 18), ( 512,  0,  8, 18),
   ( 521,  0,  9, 18), ( 531,  0,  9, 18), ( 541,  0,  3, 18), ( 545,  0,  3, 18),
   ( 549,  0,  3, 18), ( 553,  0,  3, 18), ( 557,  0,  4, 18), ( 562,  0,  1, 18),
   ( 564,  0,  1, 18), ( 566,  0,  3, 18), ( 570,  0,  4, 18), ( 575,  0,  7, 18),
   ( 583,  0,  1, 18), ( 585,  0,  7, 18), ( 593,  0,  7, 18), ( 601,  0,  4, 18),
   ( 606,  0,  3, 18), ( 610,  0,  7, 18), ( 618,  0,  7, 18), ( 626,  0, 11, 18),
   ( 638,  0,  8, 18), ( 647,  0,  7, 18), ( 655,  0,  8, 18), ( 664,  0,  6, 18),
   ( 671,  0, 11, 18), ( 683,  0, 11, 18), ( 695,  0, 11, 18), ( 707,  0, 11, 18),
   ( 719,  0, 11, 18), ( 731,  0, 11, 18), ( 743,  0, 15, 18), ( 759,  0, 11, 18),
   ( 771,  0,  7, 18), ( 779,  0,  7, 18), ( 787,  0,  7, 18), ( 795,  0,  7, 18),
   ( 803,  0,  3, 18), ( 807,  0,  3, 18), ( 811,  0,  3, 18), ( 815,  0,  3, 18),
   ( 819,  0, 15, 18), ( 835,  0, 15, 18), ( 851,  0, 12, 18), ( 864,  0, 12, 18),
   ( 877,  0, 12, 18), ( 890,  0, 12, 18), ( 903,  0, 12, 18), ( 916,  0, 12, 18),
   ( 929,  0,  8, 18), ( 938,  0,  8, 18), ( 947,  0,  8, 18), ( 956,  0,  8, 18),
   ( 965,  0,  8, 18), ( 974,  0,  8, 18), ( 983,  0,  7, 18), ( 991,  0,  7, 18),
   ( 999,  0,  7, 18), (1007,  0,  7, 18), (1015,  0,  7, 18), (1023,  0,  7, 18),
   (1031,  0, 15, 18), (1047,  0,  7, 18), (1055,  0,  7, 18), (1063,  0,  7, 18),
   (1071,  0,  7, 18), (1079,  0,  7, 18), (1087,  0,  3, 18), (1091,  0,  3, 18),
   (1095,  0,  3, 18), (1099,  0,  3, 18), (1103,  0,  8, 18), (1112,  0,  8, 18),
   (1121,  0,  8, 18), (1130,  0,  8, 18), (1139,  0,  8, 18), (1148,  0,  8, 18),
   (1157,  0,  8, 18), (1166,  0,  8, 18), (1175,  0,  8, 18), (1184,  0,  8, 18),
   (1193,  0,  8, 18), (1202,  0,  8, 18), (1211,  0,  7, 18), (1219,  0,  7, 18));

Define OffsetList
 ( ( 0, 0), ( 1, 0), ( 0, 0), ( 1, 0), ( 1, 0), ( 1, 0), ( 0, 0), ( 1, 0),
   ( 1, 0), ( 0, 0), ( 1, 0), ( 1, 0), ( 1, 0), ( 1, 0), ( 0, 0), ( 1, 0),
   ( 0, 0), ( 1, 0), ( 0, 0), ( 0, 0), ( 1, 0), ( 0, 0), ( 0, 0), ( 0, 0),
   ( 0, 0), ( 0, 0), ( 1, 0), ( 1, 0), ( 1, 0), ( 1, 0), ( 1, 0), ( 0, 0),
   ( 1, 0), ( 1, 0), ( 1, 0), (-1, 0), ( 1, 0), ( 1, 0), ( 1, 0), ( 1, 0),
   ( 1, 0), ( 1, 0), ( 1, 0), ( 1, 0), ( 1, 0), ( 0, 0), ( 1, 0), ( 0, 0),
   ( 0, 0), ( 0, 0), ( 1, 0), ( 0, 0), ( 0, 0), ( 1, 0), ( 0, 0), ( 0, 0),
   ( 0, 0), ( 0, 0), ( 0, 0), ( 0, 0), ( 0, 0), ( 0, 0), ( 1, 0), ( 0, 0),
   ( 1, 0), ( 1, 0), ( 0, 0), ( 1, 0), ( 0, 0), ( 1, 0), ( 0, 0), ( 0, 0),
   ( 1, 0), ( 0, 0), ( 0, 0), ( 0, 0), ( 0, 0), ( 0, 0), ( 1, 0), ( 0, 0),
   ( 0, 0), ( 0, 0), (-1, 0), ( 1, 0), ( 1, 0), ( 1, 0), (-1, 0), ( 1, 0),
   ( 1, 0), ( 1, 0), (-1, 0), ( 1, 0), ( 0, 0), ( 0, 0), ( 0, 0), (-2, 0),
   (-1, 0), ( 0, 0), ( 0, 0), ( 0, 0), (-2, 0), (-2, 0), (-2, 0), (-2, 0),
   (-2, 0), (-2, 0), (-2, 0), (-2, 0), ( 0, 0), ( 0, 0), ( 0, 0), ( 0, 0),
   ( 0, 0), ( 0, 0), ( 0, 0), ( 0, 0), (-2, 0), (-2, 0), (-2, 0), (-2, 0),
   (-2, 0), (-2, 0), (-2, 0), (-2, 0), ( 0, 0), ( 0, 0), ( 0, 0), ( 0, 0),
   ( 0, 0), ( 0, 0), ( 0, 0), ( 0, 0), ( 0, 0), ( 0, 0), ( 0, 0), ( 0, 0),
   (-2, 0), ( 0, 0), ( 0, 0), ( 0, 0), ( 0, 0), ( 0, 0), ( 0, 0), ( 0, 0),
   ( 0, 0), ( 0, 0), ( 0, 0), ( 0, 0), ( 0, 0), ( 0, 0), ( 0, 0), ( 0, 0),
   ( 0, 0), ( 0, 0), ( 0, 0), ( 0, 0), ( 0, 0), ( 0, 0), ( 0, 0), ( 0, 0));

Define KerningPairs
 ("(T","(V","(W","(Y","AT","AV","AW","AY","Av","D,","D.","F,","F.","FA","Fa","LC",
  "LG","LO","LQ","LT","LU","LV","LW","LY","Lw","O,","P,","P.","PA","T)","T,","T.",
  "T:","T;","TA","T]","Ta","Te","Tm","To","Tr","Ts","Tu","Tw","Ty","Tz","T}","V)",
  "V,","V.","VA","V]","Va","Ve","Vo","V}","W)","W,","W.","WA","W]","Wa","Wd","We",
  "Wo","W}","Y)","Y,","Y.","Y:","Y;","YA","YC","YG","YO","YQ","YV","Y]","Ya","Yd",
  "Ye","Yo","Yq","Yu","Yv","Y}","[T","[V","[W","[Y","b,","b.","f)","f,","f.","f]",
  "f}","o,","p,","r,","r.","v,","v.","w,","w.","y,","y.","{T","{V","{W","{Y");

Define KerningValues
 (   1,   1,   1,   1,  -1,  -1,  -1,  -1,  -1,  -1,  -1,  -2,  -2,  -1,  -1,  -1,
    -1,  -1,  -1,  -1,  -1,  -1,  -1,  -1,  -1,  -1,  -2,  -2,  -1,   1,  -1,  -1,
    -1,  -1,  -1,   1,  -1,  -1,  -1,  -1,  -1,  -1,  -1,  -1,  -1,  -1,   1,   1,
    -1,  -1,  -1,   1,  -1,  -1,  -1,   1,   1,  -1,  -1,  -1,   1,  -1,  -1,  -1,
    -1,   1,   1,  -2,  -1,  -1,  -1,  -1,  -1,  -1,  -1,  -1,   1,   1,  -1,  -1,
    -1,  -1,  -1,  -1,  -1,   1,   1,   1,   1,   1,  -1,  -1,   1,  -1,  -1,   1,
     1,  -1,  -1,  -1,  -1,  -1,  -1,  -1,  -1,  -1,  -1,   1,   1,   1,   1);

CreateLayer               Main;
LayerSetImage             Main '../images/MyriadCondensedWeb12Bold';
LayerSetAscent            Main 14;
LayerSetCharWidths        Main CharList WidthList;
LayerSetCharWidths        Main (' ') (3);
LayerSetKerningPairs      Main KerningPairs KerningValues;
LayerSetImageMap          Main CharList RectList;
LayerSetCharOffsets       Main CharList OffsetList;
LayerSetAscentPadding     Main 0;
LayerSetLineSpacingOffset Main 0;
LayerSetPointSize         Main 12;

SetDefaultPointSize  12;
