Define CharList
 ( 'A', 'B', 'C', 'D', 'E', 'F', 'G', 'H', 'I', 'J', 'K', 'L', 'M', 'N', 'O', 'P',
   'Q', 'R', 'S', 'T', 'U', 'V', 'W', 'X', 'Y', 'Z', 'a', 'b', 'c', 'd', 'e', 'f',
   'g', 'h', 'i', 'j', 'k', 'l', 'm', 'n', 'o', 'p', 'q', 'r', 's', 't', 'u', 'v',
   'w', 'x', 'y', 'z', '0', '1', '2', '3', '4', '5', '6', '7', '8', '9', '~', '`',
   '!', '@', '#', '$', '%', '^', '&', '*', '(', ')', '-', '_', '=', '+', '[', '{',
   ']', '}', ';', ':',"'", '"', ',', '<', '.', '>', '/', '?', '¡', '¢', '£', '¥',
   '§', '©', '®', '¿');

Define WidthList
 (  11,  10,  10,  11,   9,   8,  11,  11,   4,   6,  10,   8,  15,  11,  11,   9,
    11,  10,   9,   9,  11,   9,  15,   9,   9,   9,   9,  10,   8,  10,   9,   5,
    10,  10,   4,   4,   8,   4,  15,  10,  10,  10,  10,   6,   7,   6,  10,   9,
    14,   8,   9,   7,   9,   9,   9,   9,   9,   9,   9,   9,   9,   9,  12,   6,
     4,  13,   9,   9,  14,  12,  11,   8,   5,   5,   6,  10,  12,  12,   5,   5,
     5,   5,   4,   4,   4,   7,   4,  12,   4,  12,   6,   7,   4,   8,   8,   9,
     9,   8,  10,   7);

Define RectList
 ( (   0,  0, 21, 28), (  22,  0, 18, 28), (  41,  0, 19, 28), (  61,  0, 19, 28),
   (  81,  0, 17, 28), (  99,  0, 16, 28), ( 116,  0, 19, 28), ( 136,  0, 19, 28),
   ( 156,  0, 12, 28), ( 169,  0, 15, 28), ( 185,  0, 19, 28), ( 205,  0, 17, 28),
   ( 223,  0, 23, 28), ( 247,  0, 19, 28), ( 267,  0, 20, 28), ( 288,  0, 17, 28),
   ( 306,  0, 19, 28), ( 326,  0, 18, 28), ( 345,  0, 17, 28), ( 363,  0, 18, 28),
   ( 382,  0, 19, 28), ( 402,  0, 21, 28), ( 424,  0, 25, 28), ( 450,  0, 21, 28),
   ( 472,  0, 20, 28), ( 493,  0, 18, 28), ( 512,  0, 17, 28), ( 530,  0, 18, 28),
   ( 549,  0, 18, 28), ( 568,  0, 19, 28), ( 588,  0, 17, 28), ( 606,  0, 16, 28),
   ( 623,  0, 19, 28), ( 643,  0, 19, 28), ( 663,  0, 12, 28), ( 676,  0, 14, 28),
   ( 691,  0, 17, 28), ( 709,  0, 12, 28), ( 722,  0, 22, 28), ( 745,  0, 18, 28),
   ( 764,  0, 18, 28), ( 783,  0, 18, 28), ( 802,  0, 18, 28), ( 821,  0, 15, 28),
   ( 837,  0, 15, 28), ( 853,  0, 15, 28), ( 869,  0, 18, 28), ( 888,  0, 21, 28),
   ( 910,  0, 23, 28), ( 934,  0, 19, 28), ( 954,  0, 19, 28), ( 974,  0, 17, 28),
   ( 992,  0, 18, 28), (1011,  0, 14, 28), (1026,  0, 17, 28), (1044,  0, 17, 28),
   (1062,  0, 19, 28), (1082,  0, 17, 28), (1100,  0, 18, 28), (1119,  0, 17, 28),
   (1137,  0, 18, 28), (1156,  0, 18, 28), (1175,  0, 20, 28), (1196,  0, 13, 28),
   (1210,  0, 12, 28), (1223,  0, 21, 28), (1245,  0, 18, 28), (1264,  0, 17, 28),
   (1282,  0, 23, 28), (1306,  0, 19, 28), (1326,  0, 21, 28), (1348,  0, 17, 28),
   (1366,  0, 14, 28), (1381,  0, 14, 28), (1396,  0, 15, 28), (1412,  0, 20, 28),
   (1433,  0, 19, 28), (1453,  0, 22, 28), (1476,  0, 14, 28), (1491,  0, 14, 28),
   (1506,  0, 14, 28), (1521,  0, 14, 28), (1536,  0, 15, 28), (1552,  0, 12, 28),
   (1565,  0, 12, 28), (1578,  0, 15, 28), (1594,  0, 15, 28), (1610,  0, 19, 28),
   (1630,  0, 12, 28), (1643,  0, 19, 28), (1663,  0, 18, 28), (1682,  0, 15, 28),
   (1698,  0, 14, 28), (1713,  0, 22, 28), (1736,  0, 21, 28), (1758,  0, 24, 28),
   (1783,  0, 21, 28), (1805,  0, 22, 28), (1828,  0, 22, 28), (1851,  0, 17, 28));

Define OffsetList
 ( (-5, 0), (-4, 0), (-4, 0), (-4, 0), (-4, 0), (-4, 0), (-4, 0), (-4, 0),
   (-4, 0), (-5, 0), (-4, 0), (-4, 0), (-4, 0), (-4, 0), (-5, 0), (-4, 0),
   (-4, 0), (-4, 0), (-4, 0), (-5, 0), (-4, 0), (-6, 0), (-5, 0), (-6, 0),
   (-6, 0), (-5, 0), (-4, 0), (-4, 0), (-5, 0), (-4, 0), (-4, 0), (-5, 0),
   (-4, 0), (-4, 0), (-4, 0), (-6, 0), (-4, 0), (-4, 0), (-4, 0), (-4, 0),
   (-4, 0), (-4, 0), (-4, 0), (-4, 0), (-4, 0), (-5, 0), (-4, 0), (-6, 0),
   (-5, 0), (-5, 0), (-5, 0), (-5, 0), (-5, 0), (-3, 0), (-4, 0), (-4, 0),
   (-5, 0), (-4, 0), (-5, 0), (-4, 0), (-5, 0), (-5, 0), (-4, 0), (-4, 0),
   (-4, 0), (-4, 0), (-5, 0), (-4, 0), (-5, 0), (-4, 0), (-5, 0), (-5, 0),
   (-4, 0), (-5, 0), (-5, 0), (-5, 0), (-4, 0), (-5, 0), (-4, 0), (-4, 0),
   (-5, 0), (-5, 0), (-6, 0), (-4, 0), (-4, 0), (-4, 0), (-6, 0), (-4, 0),
   (-4, 0), (-4, 0), (-6, 0), (-4, 0), (-5, 0), (-7, 0), (-6, 0), (-8, 0),
   (-6, 0), (-7, 0), (-6, 0), (-5, 0));

Define KerningPairs
 ("(T","(V","(W","(Y","AT","AV","AW","AY","Av","Aw","CC","CG","CO","CQ","Cy","D,",
  "D.","F,","F.","FA","Fa","J)","J]","J}","Kv","Kw","Ky","LC","LG","LO","LQ","LT",
  "LU","LV","LW","LY","Lw","O,","O.","OT","P,","P.","PA","QY","T)","T,","T.","T:",
  "T;","TA","TC","TG","TO","TQ","TV","TW","TY","T]","Ta","Te","Tm","To","Tr","Ts",
  "Tu","Tw","Ty","Tz","T}","V)","V,","V.","V;","VA","V]","Va","Ve","Vo","Vu","V}",
  "W)","W,","W.","W;","WA","W]","Wa","Wd","We","Wo","W}","XC","XG","XO","XQ","Y)",
  "Y,","Y.","Y:","Y;","YA","YC","YG","YO","YQ","YT","YV","YW","YY","Y]","Ya","Yd",
  "Ye","Yo","Yq","Yu","Yv","Y}","[T","[V","[W","[Y","b,","b.","d,",'f"',"f'","f)",
  "f,","f.","f:","f;","f]","f}","o,","o.","p,","p.","r,","r.","rf","rw","v,","v.",
  "w,","w.","y,","y.","{T","{V","{W","{Y");

Define KerningValues
 (   1,   1,   1,   1,  -1,  -1,  -1,  -1,  -1,  -1,  -1,  -1,  -1,  -1,  -1,  -1,
    -1,  -2,  -2,  -1,  -1,   1,   1,   1,  -1,  -1,  -1,  -1,  -1,  -1,  -1,  -2,
    -1,  -1,  -1,  -2,  -1,  -1,  -1,  -1,  -3,  -3,  -1,  -1,   1,  -1,  -1,  -1,
    -1,  -1,  -1,  -1,  -1,  -1,   1,   1,   1,   1,  -1,  -1,  -1,  -1,  -1,  -1,
    -1,  -1,  -1,  -1,   1,   1,  -2,  -2,  -1,  -1,   1,  -1,  -1,  -1,  -1,   1,
     1,  -1,  -1,  -1,  -1,   1,  -1,  -1,  -1,  -1,   1,  -1,  -1,  -1,  -1,   1,
    -2,  -2,  -1,  -1,  -2,  -1,  -1,  -1,  -1,   1,   1,   1,   1,   1,  -1,  -1,
    -1,  -1,  -1,  -1,  -1,   1,   1,   1,   1,   1,  -1,  -1,  -1,   1,   1,   2,
    -1,  -1,   1,   1,   2,   2,  -1,  -1,  -1,  -1,  -1,  -1,   1,   1,  -1,  -1,
    -1,  -1,  -1,  -1,   1,   1,   1,   1);

CreateLayer               Main;
LayerSetImage             Main '../images/MyriadCondensedWeb15';
LayerSetAscent            Main 18;
LayerSetCharWidths        Main CharList WidthList;
LayerSetCharWidths        Main (' ') (4);
LayerSetKerningPairs      Main KerningPairs KerningValues;
LayerSetImageMap          Main CharList RectList;
LayerSetCharOffsets       Main CharList OffsetList;
LayerSetAscentPadding     Main 0;
LayerSetLineSpacingOffset Main -5;
LayerSetPointSize         Main 15;

SetDefaultPointSize  15;
