Define CharList
 ( 'A', 'B', 'C', 'D', 'E', 'F', 'G', 'H', 'I', 'J', 'K', 'L', 'M', 'N', 'O', 'P',
   'Q', 'R', 'S', 'T', 'U', 'V', 'W', 'X', 'Y', 'Z', 'a', 'b', 'c', 'd', 'e', 'f',
   'g', 'h', 'i', 'j', 'k', 'l', 'm', 'n', 'o', 'p', 'q', 'r', 's', 't', 'u', 'v',
   'w', 'x', 'y', 'z', '0', '1', '2', '3', '4', '5', '6', '7', '8', '9', '~', '`',
   '!', '@', '#', '$', '%', '^', '&', '*', '(', ')', '-', '_', '=', '+', '[', '{',
   ']', '}', ';', ':',"'", '"', ',', '<', '.', '>', '/', '?', '¡', '¢', '£', '¥',
   '§', '©', '®', '¿', 'À', 'Á', 'Â', 'Ã', 'Ä', 'Å', 'Æ', 'Ç', 'È', 'É', 'Ê', 'Ë',
   'Ì', 'Í', 'Î', 'Ï', 'Ð', 'Ñ', 'Ò', 'Ó', 'Ô', 'Õ', 'Ö', 'Ø', 'Ù', 'Ú', 'Û', 'Ü',
   'Ý', 'ß', 'à', 'á', 'â', 'ã', 'ä', 'å', 'æ', 'ç', 'è', 'é', 'ê', 'ë', 'ì', 'í',
   'î', 'ï', 'ð', 'ñ', 'ò', 'ó', 'ô', 'õ', 'ö', 'ø', 'ù', 'ú', 'û', 'ü', 'ý', 'ÿ');

Define WidthList
 (  10,   9,   9,  11,   8,   8,  10,  11,   4,   6,   9,   8,  13,  11,  11,   9,
    11,   9,   8,   8,  11,   9,  14,   9,   9,   9,   8,   9,   7,   9,   8,   5,
     9,   9,   4,   4,   8,   4,  14,   9,   9,   9,   9,   6,   7,   6,   9,   8,
    12,   8,   8,   7,   9,   9,   9,   9,   9,   9,   9,   9,   9,   9,  11,   6,
     4,  13,   8,   9,  14,  11,   0,   8,   5,   5,   6,  10,  11,  11,   5,   5,
     5,   5,   4,   4,   4,   6,   4,  11,   4,  11,   6,   7,   6,   6,   8,  10,
     9,  13,  10,   7,   9,  10,  10,  10,  10,   8,   9,   9,   9,   8,   8,   8,
     8,   4,   4,  11,  11,  11,  11,  11,  11,  11,  11,   9,  11,  11,  11,  11,
     9,   9,   6,   8,   8,   8,   8,   4,   7,   7,   7,   8,   8,   8,   8,   4,
     4,  11,   9,   9,   9,   9,   9,   9,   9,   6,   9,   9,   9,   9,   8,   6);

Define RectList
 ( (   0,  0, 30, 41), (  31,  0, 28, 41), (  60,  0, 29, 41), (  90,  0, 29, 41),
   ( 120,  0, 27, 41), ( 148,  0, 27, 41), ( 176,  0, 29, 41), ( 206,  0, 29, 41),
   ( 236,  0, 22, 41), ( 259,  0, 25, 41), ( 285,  0, 29, 41), ( 315,  0, 27, 41),
   ( 343,  0, 32, 41), ( 376,  0, 29, 41), ( 406,  0, 30, 41), ( 437,  0, 27, 41),
   ( 465,  0, 30, 41), ( 496,  0, 28, 41), ( 525,  0, 28, 41), ( 554,  0, 28, 41),
   ( 583,  0, 29, 41), ( 613,  0, 29, 41), ( 643,  0, 34, 41), ( 678,  0, 30, 41),
   ( 709,  0, 29, 41), ( 739,  0, 29, 41), ( 769,  0, 27, 41), ( 797,  0, 28, 41),
   ( 826,  0, 27, 41), ( 854,  0, 28, 41), ( 883,  0, 28, 41), ( 912,  0, 26, 41),
   ( 939,  0, 29, 41), ( 969,  0, 27, 41), ( 997,  0, 22, 41), (1020,  0, 24, 41),
   (1045,  0, 27, 41), (1073,  0, 22, 41), (1096,  0, 32, 41), (1129,  0, 27, 41),
   (1157,  0, 28, 41), (1186,  0, 28, 41), (1215,  0, 28, 41), (1244,  0, 25, 41),
   (1270,  0, 25, 41), (1296,  0, 26, 41), (1323,  0, 27, 41), (1351,  0, 29, 41),
   (1381,  0, 32, 41), (1414,  0, 28, 41), (1443,  0, 28, 41), (1472,  0, 27, 41),
   (1500,  0, 28, 41), (1529,  0, 25, 41), (1555,  0, 28, 41), (1584,  0, 28, 41),
   (1613,  0, 29, 41), (1643,  0, 28, 41), (1672,  0, 28, 41), (1701,  0, 28, 41),
   (1730,  0, 28, 41), (1759,  0, 28, 41), (1788,  0, 30, 41), (1819,  0, 24, 41),
   (1844,  0, 22, 41), (1867,  0, 33, 41), (1901,  0, 28, 41), (1930,  0, 27, 41),
   (1958,  0, 34, 41), (1993,  0, 29, 41), (2023,  0, 31, 41), (2055,  0, 28, 41),
   (2084,  0, 24, 41), (2109,  0, 24, 41), (2134,  0, 25, 41), (2160,  0, 30, 41),
   (2191,  0, 31, 41), (2223,  0, 31, 41), (2255,  0, 25, 41), (2281,  0, 26, 41),
   (2308,  0, 24, 41), (2333,  0, 25, 41), (2359,  0, 24, 41), (2384,  0, 22, 41),
   (2407,  0, 22, 41), (2430,  0, 25, 41), (2456,  0, 24, 41), (2481,  0, 29, 41),
   (2511,  0, 22, 41), (2534,  0, 29, 41), (2564,  0, 27, 41), (2592,  0, 27, 41),
   (2620,  0, 26, 41), (2647,  0, 25, 41), (2673,  0, 28, 41), (2702,  0, 30, 41),
   (2733,  0, 27, 41), (2761,  0, 33, 41), (2795,  0, 30, 41), (2826,  0, 27, 41),
   (2854,  0, 28, 41), (2883,  0, 30, 41), (2914,  0, 30, 41), (2945,  0, 30, 41),
   (2976,  0, 30, 41), (3007,  0, 27, 41), (3035,  0, 29, 41), (3065,  0, 29, 41),
   (3095,  0, 29, 41), (3125,  0, 27, 41), (3153,  0, 27, 41), (3181,  0, 27, 41),
   (3209,  0, 27, 41), (3237,  0, 24, 41), (3262,  0, 26, 41), (3289,  0, 29, 41),
   (3319,  0, 30, 41), (3350,  0, 29, 41), (3380,  0, 29, 41), (3410,  0, 30, 41),
   (3441,  0, 30, 41), (3472,  0, 30, 41), (3503,  0, 30, 41), (3534,  0, 28, 41),
   (3563,  0, 29, 41), (3593,  0, 29, 41), (3623,  0, 29, 41), (3653,  0, 29, 41),
   (3683,  0, 29, 41), (3713,  0, 28, 41), (3742,  0, 25, 41), (3768,  0, 27, 41),
   (3796,  0, 27, 41), (3824,  0, 27, 41), (3852,  0, 27, 41), (3880,  0, 25, 41),
   (3906,  0, 27, 41), (3934,  0, 27, 41), (3962,  0, 27, 41), (3990,  0, 28, 41),
   (4019,  0, 28, 41), (4048,  0, 28, 41), (4077,  0, 28, 41), (4106,  0, 24, 41),
   (4131,  0, 26, 41), (4158,  0, 32, 41), (4191,  0, 29, 41), (4221,  0, 27, 41),
   (4249,  0, 27, 41), (4277,  0, 28, 41), (4306,  0, 28, 41), (4335,  0, 28, 41),
   (4364,  0, 28, 41), (4393,  0, 26, 41), (4420,  0, 27, 41), (4448,  0, 27, 41),
   (4476,  0, 27, 41), (4504,  0, 27, 41), (4532,  0, 28, 41), (4561,  0, 22, 41));

Define OffsetList
 ( (-10, 0), (-9, 0), (-10, 0), (-9, 0), (-9, 0), (-9, 0), (-10, 0), (-9, 0),
   (-9, 0), (-10, 0), (-9, 0), (-9, 0), (-9, 0), (-9, 0), (-10, 0), (-9, 0),
   (-10, 0), (-9, 0), (-10, 0), (-10, 0), (-9, 0), (-10, 0), (-10, 0), (-10, 0),
   (-10, 0), (-10, 0), (-10, 0), (-9, 0), (-10, 0), (-10, 0), (-10, 0), (-10, 0),
   (-10, 0), (-9, 0), (-9, 0), (-11, 0), (-9, 0), (-9, 0), (-9, 0), (-9, 0),
   (-10, 0), (-9, 0), (-10, 0), (-9, 0), (-9, 0), (-10, 0), (-9, 0), (-11, 0),
   (-10, 0), (-10, 0), (-10, 0), (-10, 0), (-10, 0), (-9, 0), (-10, 0), (-10, 0),
   (-10, 0), (-10, 0), (-10, 0), (-9, 0), (-10, 0), (-10, 0), (-9, 0), (-10, 0),
   (-9, 0), (-10, 0), (-10, 0), (-9, 0), (-10, 0), (-9, 0), (-10, 0), (-10, 0),
   (-9, 0), (-10, 0), (-10, 0), (-10, 0), (-10, 0), (-10, 0), (-9, 0), (-10, 0),
   (-10, 0), (-10, 0), (-10, 0), (-9, 0), (-9, 0), (-9, 0), (-10, 0), (-9, 0),
   (-9, 0), (-9, 0), (-10, 0), (-10, 0), (-10, 0), (-10, 0), (-10, 0), (-10, 0),
   (-9, 0), (-10, 0), (-10, 0), (-10, 0), (-9, 0), (-10, 0), (-10, 0), (-10, 0),
   (-10, 0), (-9, 0), (-10, 0), (-10, 0), (-10, 0), (-9, 0), (-9, 0), (-9, 0),
   (-9, 0), (-9, 0), (-11, 0), (-9, 0), (-10, 0), (-9, 0), (-9, 0), (-10, 0),
   (-10, 0), (-10, 0), (-10, 0), (-9, 0), (-9, 0), (-9, 0), (-9, 0), (-9, 0),
   (-10, 0), (-9, 0), (-9, 0), (-10, 0), (-10, 0), (-10, 0), (-10, 0), (-10, 0),
   (-10, 0), (-10, 0), (-10, 0), (-10, 0), (-10, 0), (-10, 0), (-10, 0), (-10, 0),
   (-11, 0), (-10, 0), (-10, 0), (-9, 0), (-9, 0), (-10, 0), (-10, 0), (-10, 0),
   (-10, 0), (-10, 0), (-9, 0), (-9, 0), (-9, 0), (-9, 0), (-10, 0), (-8, 0));

Define KerningPairs
 ("(J","(T","(V","(W","(Y","AC","AG","AO","AQ","AT","AU","AV","AW","AY","Av","Aw",
  "Ay","B,","B.","BT","CC","CG","CO","CQ","Ce","Co","Cu","Cy","D,","D.","DY","Dy",
  "Ey","F,","F.","F;","FA","Fa","Fe","Fi","Fo","Fr","Fu","Fy","J)","J]","J}","KC",
  "KG","KO","KQ","Kv","Kw","Ky","LC","LG","LO","LQ","LT","LU","LV","LW","LY","Le",
  "Lo","Lu","Lw","Ly","O,","O.","OA","OT","OX","OY","P,","P.","P;","PA","Pa","Pe",
  "Po","Ps","QT","QX","QY","Rt","T)","T,","T.","T:","T;","TA","TC","TG","TO","TQ",
  "TT","TV","TW","TX","TY","T]","Ta","Te","Tm","To","Tr","Ts","Tu","Tw","Ty","Tz",
  "T}","UA","V)","V,","V.","V:","V;","VA","V]","Va","Ve","Vo","Vr","Vu","V}","W)",
  "W,","W.","W:","W;","WA","WT","W]","Wa","Wd","We","Wm","Wo","Wr","Wu","W}","XC",
  "XG","XO","XQ","Xy","Y)","Y,","Y.","Y:","Y;","YA","YC","YG","YO","YQ","YT","YV",
  "YW","YX","YY","Y]","Ya","Yd","Ye","Yo","Yq","Yt","Yu","Yv","Y}","ZC","ZG","ZO",
  "ZQ","Zo","Zw","[J","[T","[V","[W","[Y","b,","b.","c,","ct","cy","d,","d.","e,",
  'f"',"f'","f)","f,","f.","f:","f;","f]","f}","g,","g.","j,","o,","o.","ox","p,",
  "p.","q.","r,","r.","rf","rq","rt","rv","rw","rx","ry","s,","u,","v,","v.","v:",
  "va","vy","w,","w.","w:","wv","wy","xc","xd","xe","xo","xq","xt","xv","xw","xy",
  "y,","y.","y:","yv","yw","zy","{J","{T","{V","{W","{Y");

Define KerningValues (   0,   1,   1,   1,   1,   0,   0,   0,   0,  -1,   0,  -1,  -1,  -1,   0,   0,     0,   0,   0,   0,   0,   0,   0,   0,   0,   0,   0,   0,  -1,   0,   0,   0,     0,  -2,  -2,   0,  -1,  -1,   0,   0,   0,   0,   0,   0,   0,   0,   0,   0,     0,   0,   0,   0,   0,   0,   0,   0,   0,   0,  -1,   0,  -1,  -1,  -1,   0,     0,   0,   0,   0,   0,   0,   0,   0,   0,   0,  -3,  -2,   0,  -1,   0,   0,     0,   0,   0,   0,   0,   0,   1,  -1,  -1,   0,  -1,  -1,   0,   0,   0,   0,     0,   0,   0,   0,   0,   1,  -1,  -1,  -1,  -1,  -1,  -1,  -1,  -1,  -1,  -1,     1,   0,   1,  -1,  -1,   0,   0,  -1,   1,   0,   0,   0,   0,   0,   1,   1,    -1,  -1,   0,   0,  -1,   0,   1,   0,   0,   0,   0,   0,   0,   0,   1,   0,     0,   0,   0,   0,   1,  -2,  -1,   0,  -1,  -1,   0,   0,   0,   0,   0,   0,     0,   0,   0,   1,  -1,  -1,  -1,  -1,  -1,   0,  -1,   0,   1,   0,   0,   0,     0,   0,   0,   0,   1,   1,   1,   1,  -1,   0,   0,   0,   0,   0,   0,   0,     0,   0,   1,  -1,   0,   0,   0,   1,   1,   0,   0,   0,   0,   0,   0,   0,     0,   0,  -1,  -1,   0,   0,   0,   0,   0,   0,   0,   0,   0,  -1,  -1,   0,     0,   0,  -1,  -1,   0,   0,   0,   0,   0,   0,   0,   0,   0,   0,   0,   0,    -1,  -1,   0,   0,   0,   0,   0,   1,   1,   1,   1);

CreateLayer               Main;
LayerSetImage             Main '../images/MyriadCondensedWeb14BoldGL';
LayerSetAscent            Main 26;
LayerSetCharWidths        Main CharList WidthList;
LayerSetCharWidths        Main (' ') (8);
LayerSetKerningPairs      Main KerningPairs KerningValues;
LayerSetImageMap          Main CharList RectList;
LayerSetCharOffsets       Main CharList OffsetList;
LayerSetAscentPadding     Main 10;
LayerSetLineSpacingOffset Main -10;
LayerSetPointSize         Main 14;

SetDefaultPointSize  14;
