Define CharList
 ( 'A', 'B', 'C', 'D', 'E', 'F', 'G', 'H', 'I', 'J', 'K', 'L', 'M', 'N', 'O', 'P',
   'Q', 'R', 'S', 'T', 'U', 'V', 'W', 'X', 'Y', 'Z', 'a', 'b', 'c', 'd', 'e', 'f',
   'g', 'h', 'i', 'j', 'k', 'l', 'm', 'n', 'o', 'p', 'q', 'r', 's', 't', 'u', 'v',
   'w', 'x', 'y', 'z', '0', '1', '2', '3', '4', '5', '6', '7', '8', '9', '~', '`',
   '!', '@', '#', '$', '%', '^', '&', '*', '(', ')', '-', '_', '=', '+', '[', '{',
   ']', '}', ';', ':',"'", '"', ',', '<', '.', '>', '/', '?', '¡', '¢', '£', '¥',
   '§', '©', '®', '¿', 'À', 'Á', 'Â', 'Ã', 'Ä', 'Å', 'Æ', 'Ç', 'È', 'É', 'Ê', 'Ë',
   'Ì', 'Í', 'Î', 'Ï', 'Ð', 'Ñ', 'Ò', 'Ó', 'Ô', 'Õ', 'Ö', 'Ø', 'Ù', 'Ú', 'Û', 'Ü',
   'Ý', 'ß', 'à', 'á', 'â', 'ã', 'ä', 'å', 'æ', 'ç', 'è', 'é', 'ê', 'ë', 'ì', 'í',
   'î', 'ï', 'ð', 'ñ', 'ò', 'ó', 'ô', 'õ', 'ö', 'ø', 'ù', 'ú', 'û', 'ü', 'ý', 'ÿ');

Define WidthList
 (  12,  12,  13,  14,  11,  11,  15,  13,   7,   7,  13,  11,  18,  14,  15,  11,
    15,  13,   9,  12,  12,  12,  17,  13,  12,  11,  10,  11,  10,  11,  10,   5,
    11,  11,   5,   5,  11,   5,  17,  11,  10,  11,  11,   8,   9,   5,  11,  10,
    14,  10,  10,   9,   9,   9,   9,   9,   9,   9,   9,   9,   9,   9,  10,   6,
     6,  17,  11,  10,  16,  10,   0,  10,   6,   6,   6,   9,  11,  11,   7,   6,
     7,   6,   6,   6,   5,   9,   6,  11,   6,  11,   9,  10,   6,  10,  10,  12,
     9,  13,  13,  10,  12,  12,  12,  12,  12,  12,  17,  13,  11,  11,  11,  11,
     7,   7,   7,   7,  14,  14,  15,  15,  15,  15,  15,  15,  12,  12,  12,  12,
    12,  11,  10,  10,  10,  10,  10,  10,  15,  10,  10,  10,  10,  10,   6,   6,
     6,   6,  10,  11,  10,  10,  10,  10,  10,  10,  11,  11,  11,  11,  10,  10);

Define RectList
 ( (   0,  0, 13, 21), (  14,  0, 11, 21), (  26,  0, 13, 21), (  40,  0, 13, 21),
   (  54,  0, 11, 21), (  66,  0, 12, 21), (  79,  0, 14, 21), (  94,  0, 13, 21),
   ( 108,  0,  7, 21), ( 116,  0,  7, 21), ( 124,  0, 14, 21), ( 139,  0, 11, 21),
   ( 151,  0, 17, 21), ( 169,  0, 13, 21), ( 183,  0, 14, 21), ( 198,  0, 11, 21),
   ( 210,  0, 14, 21), ( 225,  0, 13, 21), ( 239,  0,  9, 21), ( 249,  0, 12, 21),
   ( 262,  0, 12, 21), ( 275,  0, 12, 21), ( 288,  0, 19, 21), ( 308,  0, 13, 21),
   ( 322,  0, 12, 21), ( 335,  0, 10, 21), ( 346,  0, 10, 21), ( 357,  0, 10, 21),
   ( 368,  0,  9, 21), ( 378,  0, 11, 21), ( 390,  0,  9, 21), ( 400,  0,  7, 21),
   ( 408,  0, 11, 21), ( 420,  0, 11, 21), ( 432,  0,  5, 21), ( 438,  0,  5, 21),
   ( 444,  0, 11, 21), ( 456,  0,  5, 21), ( 462,  0, 17, 21), ( 480,  0, 11, 21),
   ( 492,  0,  9, 21), ( 502,  0, 10, 21), ( 513,  0, 11, 21), ( 525,  0,  8, 21),
   ( 534,  0,  8, 21), ( 543,  0,  5, 21), ( 549,  0, 11, 21), ( 561,  0, 10, 21),
   ( 572,  0, 14, 21), ( 587,  0, 10, 21), ( 598,  0, 10, 21), ( 609,  0,  9, 21),
   ( 619,  0,  9, 21), ( 629,  0,  5, 21), ( 635,  0,  9, 21), ( 645,  0,  9, 21),
   ( 655,  0,  9, 21), ( 665,  0,  9, 21), ( 675,  0,  9, 21), ( 685,  0,  8, 21),
   ( 694,  0,  9, 21), ( 704,  0,  9, 21), ( 714,  0, 10, 21), ( 725,  0,  5, 21),
   ( 731,  0,  4, 21), ( 736,  0, 17, 21), ( 754,  0, 11, 21), ( 766,  0,  9, 21),
   ( 776,  0, 14, 21), ( 791,  0,  8, 21), ( 800,  0, 13, 21), ( 814,  0,  9, 21),
   ( 824,  0,  5, 21), ( 830,  0,  5, 21), ( 836,  0,  6, 21), ( 843,  0,  9, 21),
   ( 853,  0, 10, 21), ( 864,  0,  9, 21), ( 874,  0,  5, 21), ( 880,  0,  7, 21),
   ( 888,  0,  5, 21), ( 894,  0,  6, 21), ( 901,  0,  4, 21), ( 906,  0,  4, 21),
   ( 911,  0,  3, 21), ( 915,  0,  7, 21), ( 923,  0,  4, 21), ( 928,  0, 10, 21),
   ( 939,  0,  4, 21), ( 944,  0, 10, 21), ( 955,  0,  9, 21), ( 965,  0,  9, 21),
   ( 975,  0,  4, 21), ( 980,  0,  9, 21), ( 990,  0, 10, 21), (1001,  0, 12, 21),
   (1014,  0,  9, 21), (1024,  0, 13, 21), (1038,  0, 13, 21), (1052,  0,  9, 21),
   (1062,  0, 13, 21), (1076,  0, 13, 21), (1090,  0, 13, 21), (1104,  0, 13, 21),
   (1118,  0, 13, 21), (1132,  0, 13, 21), (1146,  0, 17, 21), (1164,  0, 13, 21),
   (1178,  0, 11, 21), (1190,  0, 11, 21), (1202,  0, 11, 21), (1214,  0, 11, 21),
   (1226,  0,  7, 21), (1234,  0,  7, 21), (1242,  0,  7, 21), (1250,  0,  7, 21),
   (1258,  0, 13, 21), (1272,  0, 13, 21), (1286,  0, 14, 21), (1301,  0, 14, 21),
   (1316,  0, 14, 21), (1331,  0, 14, 21), (1346,  0, 14, 21), (1361,  0, 14, 21),
   (1376,  0, 12, 21), (1389,  0, 12, 21), (1402,  0, 12, 21), (1415,  0, 12, 21),
   (1428,  0, 12, 21), (1441,  0, 11, 21), (1453,  0, 10, 21), (1464,  0, 10, 21),
   (1475,  0, 10, 21), (1486,  0, 10, 21), (1497,  0, 10, 21), (1508,  0, 10, 21),
   (1519,  0, 15, 21), (1535,  0,  9, 21), (1545,  0,  9, 21), (1555,  0,  9, 21),
   (1565,  0,  9, 21), (1575,  0,  9, 21), (1585,  0,  5, 21), (1591,  0,  6, 21),
   (1598,  0,  7, 21), (1606,  0,  7, 21), (1614,  0,  9, 21), (1624,  0, 11, 21),
   (1636,  0,  9, 21), (1646,  0,  9, 21), (1656,  0,  9, 21), (1666,  0,  9, 21),
   (1676,  0,  9, 21), (1686,  0,  9, 21), (1696,  0, 11, 21), (1708,  0, 11, 21),
   (1720,  0, 11, 21), (1732,  0, 11, 21), (1744,  0, 10, 21), (1755,  0, 10, 21));

Define OffsetList
 ( (-1, 0), ( 0, 0), ( 0, 0), ( 0, 0), ( 0, 0), ( 0, 0), ( 0, 0), ( 0, 0),
   ( 0, 0), ( 0, 0), ( 0, 0), ( 0, 0), ( 0, 0), ( 0, 0), ( 0, 0), ( 0, 0),
   ( 0, 0), ( 0, 0), ( 0, 0), ( 0, 0), ( 0, 0), ( 0, 0), (-1, 0), ( 0, 0),
   ( 0, 0), ( 1, 0), ( 0, 0), ( 0, 0), ( 0, 0), ( 0, 0), ( 0, 0), ( 0, 0),
   ( 0, 0), ( 0, 0), ( 0, 0), (-1, 0), ( 0, 0), ( 0, 0), ( 0, 0), ( 0, 0),
   ( 0, 0), ( 0, 0), ( 0, 0), ( 0, 0), ( 0, 0), ( 0, 0), ( 0, 0), ( 0, 0),
   ( 0, 0), ( 0, 0), ( 0, 0), ( 0, 0), ( 0, 0), ( 2, 0), ( 0, 0), ( 0, 0),
   ( 0, 0), ( 0, 0), ( 0, 0), ( 1, 0), ( 0, 0), ( 0, 0), ( 0, 0), ( 0, 0),
   ( 1, 0), ( 0, 0), ( 0, 0), ( 0, 0), ( 1, 0), ( 1, 0), ( 0, 0), ( 0, 0),
   ( 1, 0), ( 0, 0), ( 0, 0), ( 0, 0), ( 1, 0), ( 1, 0), ( 2, 0), ( 0, 0),
   ( 1, 0), ( 0, 0), ( 1, 0), ( 1, 0), ( 1, 0), ( 1, 0), ( 1, 0), ( 1, 0),
   ( 1, 0), ( 1, 0), ( 0, 0), ( 0, 0), ( 1, 0), ( 0, 0), ( 0, 0), ( 0, 0),
   ( 0, 0), ( 0, 0), ( 0, 0), ( 0, 0), (-1, 0), (-1, 0), (-1, 0), (-1, 0),
   (-1, 0), (-1, 0), ( 0, 0), ( 0, 0), ( 0, 0), ( 0, 0), ( 0, 0), ( 0, 0),
   ( 0, 0), ( 0, 0), ( 0, 0), ( 0, 0), ( 0, 0), ( 0, 0), ( 0, 0), ( 0, 0),
   ( 0, 0), ( 0, 0), ( 0, 0), ( 0, 0), ( 0, 0), ( 0, 0), ( 0, 0), ( 0, 0),
   ( 0, 0), ( 0, 0), ( 0, 0), ( 0, 0), ( 0, 0), ( 0, 0), ( 0, 0), ( 0, 0),
   ( 0, 0), ( 0, 0), ( 0, 0), ( 0, 0), ( 0, 0), ( 0, 0), ( 0, 0), ( 0, 0),
   (-1, 0), (-1, 0), ( 0, 0), ( 0, 0), ( 0, 0), ( 0, 0), ( 0, 0), ( 0, 0),
   ( 0, 0), ( 0, 0), ( 0, 0), ( 0, 0), ( 0, 0), ( 0, 0), ( 0, 0), ( 0, 0));

Define KerningPairs
 ("AC","AG","AO","AQ","AT","AU","AV","AW","AY","Av","Ay","B,","B.","BU","C,","C.",
  "CA","D,","D.","DA","DV","DW","DY","F,","F.","FA","Fa","Fe","Fo","G,","G.","J,",
  "J.","JA","Ja","Je","Jo","Ju","KO","Ku","Ky","LT","LV","LW","LY","N,","N.","NA",
  "O,","O.","OA","OT","OV","OW","OX","OY","P,","P.","PA","Pa","Pe","Po","Q,","Q.",
  "QU","RO","RT","RU","RV","RW","RY","S,","S.","T,","T-","T.","TA","TO","Ta","Te",
  "To","Tw","U,","U.","UA","V,","V-","V.","V:","V;","VA","VG","VO","Va","Ve","Vi",
  "Vo","Vu","W,","W-","W.","W:","W;","WA","WO","Wa","We","Wh","Wi","Wo","Wu","Wy",
  "Y,","Y-","Y.","Y:","Y;","YA","YO","Ya","Ye","Yi","Yo","Yu","ap","av","aw","ay",
  "b,","b.","bb","bl","by","c,","c.","ck","cl","dd","dv","dw","dy","e,","e.","ep",
  "ew","ey","g,","g.","ge","gg","go","hy","ke","ko","lw","ly","my","nv","ny","o,",
  "o.","ov","ow","ox","oy","p,","p.","py","r,","r.","ri","rm","rn","rp","rr","rt",
  "ru","rv","ry","s,","s.","v,","v.","va","ve","vo","w,","w.","wa","we","wh","wo",
  "xe","y,","y.","ya","ye","yo","ze","zo");

Define KerningValues (   0,   0,   0,   0,   0,   0,  -1,   0,   0,   0,   0,   0,   0,   0,   0,   0,     0,  -1,  -1,   0,   0,  -1,  -1,  -2,  -2,  -1,  -2,  -2,  -2,  -1,  -1,  -1,    -1,   0,   0,   0,   0,   0,   0,   0,  -1,   0,  -1,  -1,  -1,  -1,  -1,   0,    -2,  -2,  -1,   0,  -1,  -1,  -1,  -1,  -3,  -3,  -1,   0,   0,   0,  -2,  -2,     0,   0,   0,   0,   0,   0,   0,   0,   0,  -1,  -2,  -1,   0,   0,   0,  -1,    -1,   0,  -1,  -1,   0,  -2,  -2,  -2,  -1,  -1,  -1,  -1,  -1,  -2,  -2,   0,    -2,  -1,  -2,  -2,  -2,  -1,  -1,   0,  -1,  -2,  -2,   0,   0,  -2,   0,  -1,    -1,  -2,  -1,  -1,  -1,   0,  -1,  -2,  -2,   0,  -2,  -1,   0,   0,   0,   0,     0,   0,   0,   0,   0,   0,   0,   0,   0,   0,   0,   0,   0,   0,   0,   0,     0,   0,  -1,  -1,   0,   0,   0,   0,   0,   0,   0,   0,   0,   0,   0,   0,     0,   0,   0,   0,   0,   0,   0,   0,   0,   0,   0,   1,   1,   1,   0,   1,     1,   1,   1,   0,   0,  -2,  -2,   0,   0,   0,  -2,  -2,   0,   0,   0,   0,     0,  -2,  -2,   0,   0,   0,   0,   0);

CreateLayer               Main;
LayerSetImage             Main '../images/Rockwell13Bold';
LayerSetAscent            Main 16;
LayerSetCharWidths        Main CharList WidthList;
LayerSetCharWidths        Main (' ') (9);
LayerSetKerningPairs      Main KerningPairs KerningValues;
LayerSetImageMap          Main CharList RectList;
LayerSetCharOffsets       Main CharList OffsetList;
LayerSetAscentPadding     Main 0;
LayerSetLineSpacingOffset Main 0;
LayerSetPointSize         Main 13;

SetDefaultPointSize  13;
