Define CharList
 ( 'A', 'B', 'C', 'D', 'E', 'F', 'G', 'H', 'I', 'J', 'K', 'L', 'M', 'N', 'O', 'P',
   'Q', 'R', 'S', 'T', 'U', 'V', 'W', 'X', 'Y', 'Z', 'a', 'b', 'c', 'd', 'e', 'f',
   'g', 'h', 'i', 'j', 'k', 'l', 'm', 'n', 'o', 'p', 'q', 'r', 's', 't', 'u', 'v',
   'w', 'x', 'y', 'z', '0', '1', '2', '3', '4', '5', '6', '7', '8', '9', '~', '`',
   '!', '@', '#', '$', '%', '^', '&', '*', '(', ')', '-', '_', '=', '+', '[', '{',
   ']', '}', ';', ':',"'", '"', ',', '<', '.', '>', '/', '?', '¡', '¢', '£', '¥',
   '§', '©', '®', '¿', 'À', 'Á', 'Â', 'Ã', 'Ä', 'Å', 'Æ', 'Ç', 'È', 'É', 'Ê', 'Ë',
   'Ì', 'Í', 'Î', 'Ï', 'Ð', 'Ñ', 'Ò', 'Ó', 'Ô', 'Õ', 'Ö', 'Ø', 'Ù', 'Ú', 'Û', 'Ü',
   'Ý', 'ß', 'à', 'á', 'â', 'ã', 'ä', 'å', 'æ', 'ç', 'è', 'é', 'ê', 'ë', 'ì', 'í',
   'î', 'ï', 'ð', 'ñ', 'ò', 'ó', 'ô', 'õ', 'ö', 'ø', 'ù', 'ú', 'û', 'ü', 'ý', 'ÿ');

Define WidthList
 (  12,  10,  13,  13,  11,   9,  14,  12,   5,   5,  11,   9,  15,  12,  14,  10,
    14,  10,   9,  10,  12,  12,  17,  11,  11,  10,   9,  11,   9,  11,  10,   5,
    11,  10,   5,   5,  10,   5,  15,  10,  10,  11,  11,   7,   8,   5,  10,   9,
    13,   9,  10,   8,   9,   9,   9,   9,   9,   9,   9,   9,   9,   9,  10,   6,
     5,  17,  11,   9,  17,   8,   0,   9,   6,   6,   6,   9,  11,  11,   6,   6,
     6,   6,   5,   5,   3,   7,   5,  11,   5,  11,   7,   8,   5,   9,   9,  11,
     8,  13,  13,   8,  12,  12,  12,  12,  12,  12,  16,  13,  11,  11,  11,  11,
     5,   5,   5,   5,  13,  12,  14,  14,  14,  14,  14,  14,  12,  12,  12,  12,
    11,  11,   9,   9,   9,   9,   9,   9,  15,   9,  10,  10,  10,  10,   5,   5,
     5,   5,  10,  10,  10,  10,  10,  10,  10,  10,  10,  10,  10,  10,  10,  10);

Define RectList
 ( (   0,  0, 12, 19), (  13,  0,  9, 19), (  23,  0, 12, 19), (  36,  0, 12, 19),
   (  49,  0, 11, 19), (  61,  0, 10, 19), (  72,  0, 12, 19), (  85,  0, 12, 19),
   (  98,  0,  5, 19), ( 104,  0,  6, 19), ( 111,  0, 11, 19), ( 123,  0,  9, 19),
   ( 133,  0, 15, 19), ( 149,  0, 12, 19), ( 162,  0, 12, 19), ( 175,  0,  9, 19),
   ( 185,  0, 12, 19), ( 198,  0, 11, 19), ( 210,  0,  9, 19), ( 220,  0, 10, 19),
   ( 231,  0, 12, 19), ( 244,  0, 13, 19), ( 258,  0, 18, 19), ( 277,  0, 12, 19),
   ( 290,  0, 12, 19), ( 303,  0, 10, 19), ( 314,  0,  9, 19), ( 324,  0, 11, 19),
   ( 336,  0,  9, 19), ( 346,  0, 11, 19), ( 358,  0,  9, 19), ( 368,  0,  6, 19),
   ( 375,  0, 11, 19), ( 387,  0, 10, 19), ( 398,  0,  5, 19), ( 404,  0,  4, 19),
   ( 409,  0, 10, 19), ( 420,  0,  5, 19), ( 426,  0, 15, 19), ( 442,  0, 10, 19),
   ( 453,  0,  9, 19), ( 463,  0, 10, 19), ( 474,  0, 11, 19), ( 486,  0,  7, 19),
   ( 494,  0,  7, 19), ( 502,  0,  5, 19), ( 508,  0, 10, 19), ( 519,  0, 10, 19),
   ( 530,  0, 14, 19), ( 545,  0, 10, 19), ( 556,  0, 10, 19), ( 567,  0,  8, 19),
   ( 576,  0,  9, 19), ( 586,  0,  5, 19), ( 592,  0,  8, 19), ( 601,  0,  9, 19),
   ( 611,  0,  9, 19), ( 621,  0,  9, 19), ( 631,  0,  9, 19), ( 641,  0,  8, 19),
   ( 650,  0,  9, 19), ( 660,  0,  9, 19), ( 670,  0, 10, 19), ( 681,  0,  4, 19),
   ( 686,  0,  3, 19), ( 690,  0, 16, 19), ( 707,  0, 11, 19), ( 719,  0,  9, 19),
   ( 729,  0, 15, 19), ( 745,  0,  8, 19), ( 754,  0, 12, 19), ( 767,  0,  8, 19),
   ( 776,  0,  5, 19), ( 782,  0,  5, 19), ( 788,  0,  6, 19), ( 795,  0,  9, 19),
   ( 805,  0, 10, 19), ( 816,  0, 10, 19), ( 827,  0,  4, 19), ( 832,  0,  6, 19),
   ( 839,  0,  5, 19), ( 845,  0,  6, 19), ( 852,  0,  3, 19), ( 856,  0,  3, 19),
   ( 860,  0,  2, 19), ( 863,  0,  5, 19), ( 869,  0,  3, 19), ( 873,  0, 10, 19),
   ( 884,  0,  3, 19), ( 888,  0, 10, 19), ( 899,  0,  8, 19), ( 908,  0,  8, 19),
   ( 917,  0,  3, 19), ( 921,  0,  9, 19), ( 931,  0,  9, 19), ( 941,  0, 12, 19),
   ( 954,  0,  8, 19), ( 963,  0, 13, 19), ( 977,  0, 13, 19), ( 991,  0,  8, 19),
   (1000,  0, 12, 19), (1013,  0, 12, 19), (1026,  0, 12, 19), (1039,  0, 12, 19),
   (1052,  0, 12, 19), (1065,  0, 12, 19), (1078,  0, 17, 19), (1096,  0, 12, 19),
   (1109,  0, 11, 19), (1121,  0, 11, 19), (1133,  0, 11, 19), (1145,  0, 11, 19),
   (1157,  0,  5, 19), (1163,  0,  5, 19), (1169,  0,  6, 19), (1176,  0,  6, 19),
   (1183,  0, 12, 19), (1196,  0, 12, 19), (1209,  0, 12, 19), (1222,  0, 12, 19),
   (1235,  0, 12, 19), (1248,  0, 12, 19), (1261,  0, 12, 19), (1274,  0, 12, 19),
   (1287,  0, 12, 19), (1300,  0, 12, 19), (1313,  0, 12, 19), (1326,  0, 12, 19),
   (1339,  0, 12, 19), (1352,  0, 11, 19), (1364,  0,  9, 19), (1374,  0,  9, 19),
   (1384,  0,  9, 19), (1394,  0,  9, 19), (1404,  0,  9, 19), (1414,  0,  9, 19),
   (1424,  0, 15, 19), (1440,  0,  8, 19), (1449,  0,  9, 19), (1459,  0,  9, 19),
   (1469,  0,  9, 19), (1479,  0,  9, 19), (1489,  0,  5, 19), (1495,  0,  5, 19),
   (1501,  0,  6, 19), (1508,  0,  5, 19), (1514,  0,  9, 19), (1524,  0, 10, 19),
   (1535,  0,  9, 19), (1545,  0,  9, 19), (1555,  0,  9, 19), (1565,  0,  9, 19),
   (1575,  0,  9, 19), (1585,  0,  9, 19), (1595,  0, 10, 19), (1606,  0, 10, 19),
   (1617,  0, 10, 19), (1628,  0, 10, 19), (1639,  0, 10, 19), (1650,  0, 10, 19));

Define OffsetList
 ( ( 0, 0), ( 0, 0), ( 1, 0), ( 0, 0), ( 0, 0), ( 0, 0), ( 1, 0), ( 0, 0),
   ( 0, 0), (-1, 0), ( 0, 0), ( 0, 0), ( 0, 0), ( 0, 0), ( 1, 0), ( 0, 0),
   ( 1, 0), ( 0, 0), ( 0, 0), ( 0, 0), ( 0, 0), ( 0, 0), ( 0, 0), ( 0, 0),
   ( 0, 0), ( 0, 0), ( 0, 0), ( 0, 0), ( 0, 0), ( 0, 0), ( 0, 0), ( 0, 0),
   ( 0, 0), ( 0, 0), ( 0, 0), (-1, 0), ( 0, 0), ( 0, 0), ( 0, 0), ( 0, 0),
   ( 0, 0), ( 0, 0), ( 0, 0), ( 0, 0), ( 0, 0), ( 0, 0), ( 0, 0), ( 0, 0),
   ( 0, 0), ( 0, 0), ( 0, 0), ( 0, 0), ( 0, 0), ( 2, 0), ( 0, 0), ( 0, 0),
   ( 0, 0), ( 0, 0), ( 0, 0), ( 1, 0), ( 0, 0), ( 0, 0), ( 0, 0), ( 1, 0),
   ( 1, 0), ( 1, 0), ( 0, 0), ( 0, 0), ( 1, 0), ( 0, 0), ( 0, 0), ( 0, 0),
   ( 1, 0), ( 0, 0), ( 0, 0), ( 0, 0), ( 1, 0), ( 1, 0), ( 2, 0), ( 0, 0),
   ( 0, 0), ( 0, 0), ( 1, 0), ( 1, 0), ( 0, 0), ( 1, 0), ( 1, 0), ( 1, 0),
   ( 1, 0), ( 1, 0), ( 0, 0), ( 0, 0), ( 1, 0), ( 0, 0), ( 0, 0), ( 0, 0),
   ( 0, 0), ( 0, 0), ( 0, 0), ( 0, 0), ( 0, 0), ( 0, 0), ( 0, 0), ( 0, 0),
   ( 0, 0), ( 0, 0), (-1, 0), ( 1, 0), ( 0, 0), ( 0, 0), ( 0, 0), ( 0, 0),
   ( 0, 0), ( 0, 0), ( 0, 0), ( 0, 0), ( 0, 0), ( 0, 0), ( 1, 0), ( 1, 0),
   ( 1, 0), ( 1, 0), ( 1, 0), ( 1, 0), ( 0, 0), ( 0, 0), ( 0, 0), ( 0, 0),
   ( 0, 0), ( 0, 0), ( 0, 0), ( 0, 0), ( 0, 0), ( 0, 0), ( 0, 0), ( 0, 0),
   ( 0, 0), ( 0, 0), ( 0, 0), ( 0, 0), ( 0, 0), ( 0, 0), ( 0, 0), ( 0, 0),
   (-1, 0), ( 0, 0), ( 0, 0), ( 0, 0), ( 0, 0), ( 0, 0), ( 0, 0), ( 0, 0),
   ( 0, 0), ( 0, 0), ( 0, 0), ( 0, 0), ( 0, 0), ( 0, 0), ( 0, 0), ( 0, 0));

Define KerningPairs
 ("AC","AG","AO","AQ","AT","AU","AV","AW","AY","Av","Ay","B,","B.","BU","C,","C.",
  "CA","D,","D.","DV","DW","DY","F,","F.","FA","Fa","Fe","Fo","G,","G.","J,","J.",
  "Ja","Je","Jo","Ju","KO","Ke","Ko","Ku","Ky","LV","LW","LY","Ly","N,","N.","NA",
  "O,","O.","OA","OV","OW","OX","OY","P,","P.","PA","Pa","Pe","Po","Q,","Q.","QU",
  "RO","RV","RW","RY","S,","S.","T,","T-","T.","TA","TO","Ta","Te","Th","To","U,",
  "U.","UA","V,","V-","V.","V:","V;","VA","VG","VO","Va","Ve","Vo","Vu","W,","W-",
  "W.","W:","W;","WA","WO","Wa","We","Wo","Wu","Wy","Y,","Y-","Y.","Y:","Y;","YA",
  "YO","Ya","Ye","Yo","Yu","av","aw","ay","b,","b.","bb","bl","bv","by","dy","e,",
  "e.","eb","ev","ew","ey","f,","f.","fa","fe","fo","g,","g.","ga","ge","go","gy",
  "hy","iv","ke","ko","ky","lw","ly","my","nv","ny","o,","o.","ov","ow","ox","oy",
  "p,","p.","py","r,","r.","ra","rc","rd","re","rg","ri","rk","rl","rn","ro","rp",
  "rq","rr","rt","ru","rv","ry","v,","v.","va","ve","vo","w,","w.","wa","we","wh",
  "wo","xe","y,","y.","ya","ye","yo","zo");

Define KerningValues (   0,   0,   0,   0,   0,   0,  -1,   0,  -1,  -1,   0,   0,   0,   0,   0,   0,     0,  -1,  -1,  -1,  -1,  -1,  -2,  -2,  -1,  -1,  -1,  -1,  -1,  -1,   0,   0,     0,   0,   0,   0,   0,   0,   0,   0,  -1,  -2,  -1,  -1,   0,   0,   0,   0,    -1,  -1,  -1,  -1,  -1,  -1,  -1,  -2,  -2,  -1,   0,   0,   0,  -1,  -1,   0,     0,   0,   0,   0,   0,   0,  -1,  -2,  -1,   0,   0,   0,  -1,   0,  -1,  -1,    -1,   0,  -3,  -2,  -3,   0,   0,  -1,  -1,  -1,  -2,  -2,  -2,  -1,  -3,  -1,    -3,   0,   0,   0,  -1,  -1,  -1,  -1,  -1,  -1,  -2,  -2,  -2,   0,   0,  -1,    -1,  -2,  -2,  -2,  -1,   0,   0,   0,  -1,  -1,   0,   0,   0,   0,   0,   0,     0,   0,   0,   0,   0,   0,   0,   0,   0,   0,   0,   0,   0,   0,   0,   0,     0,   0,   0,   0,   0,   0,   0,   0,   0,   0,  -1,  -1,   0,  -1,   0,  -1,     0,   0,   0,  -1,  -1,   0,   0,   0,  -1,   0,   0,   0,   0,   0,   0,   0,     0,   0,   0,   0,   0,   0,  -2,  -2,   0,   0,   0,  -1,  -1,   0,   0,   0,     0,   0,  -2,  -2,   0,  -1,  -1,   0);

CreateLayer               Main;
LayerSetImage             Main '../images/Rockwell13';
LayerSetAscent            Main 15;
LayerSetCharWidths        Main CharList WidthList;
LayerSetCharWidths        Main (' ') (9);
LayerSetKerningPairs      Main KerningPairs KerningValues;
LayerSetImageMap          Main CharList RectList;
LayerSetCharOffsets       Main CharList OffsetList;
LayerSetAscentPadding     Main 0;
LayerSetLineSpacingOffset Main 0;
LayerSetPointSize         Main 13;

SetDefaultPointSize  13;
