Define Charlist
 ('A', 'B', 'C', 'D', 'E', 'F', 'G', 'H', 'I', 'J', 'K', 'L', 'M', 'N', 'O', 'P', 'Q', 'R', 'S', 'T', 'U', 'V', 'W', 'X', 'Y', 'Z', 
  '0', '1', '2', '3', '4', '5', '6', '7', '8', '9', '!', '#', '$', '&', '*', '(', ')', '?' );

Define WidthList
 (343, 0, 0, 0, 0, 0, 0, 0, 0, 0, 0, 0, 0, 0, 0, 0, 0, 0, 0, 0, 0, 0, 0, 0, 0, 0, 
  0, 0, 0, 0, 0, 0, 0, 0, 0, 0, 0, 0, 0, 0, 0, 0, 0, 0 );

Define RectList
 ((0,0,343,14) , (0,0,0,14) , (0,0,0,14) , (0,0,0,14) , (0,0,0,14) , (0,0,0,14) , (0,0,0,14) , (0,0,0,14) , (0,0,0,14) , (0,0,0,14) , (0,0,0,14) , (0,0,0,14) , (0,0,0,14) , (0,0,0,14) , (0,0,0,14) , (0,0,0,14) , (0,0,0,14) , (0,0,0,14) , (0,0,0,14) , (0,0,0,14) , (0,0,0,14) , (0,0,0,14) , (0,0,0,14) , (0,0,0,14) , (0,0,0,14) , (0,0,0,14) , 
  (0,0,0,14) , (0,0,0,14) , (0,0,0,14) , (0,0,0,14) , (0,0,0,14) , (0,0,0,14) , (0,0,0,14) , (0,0,0,14) , (0,0,0,14) , (0,0,0,14) , (0,0,0,14) , (0,0,0,14) , (0,0,0,14) , (0,0,0,14) , (0,0,0,14) , (0,0,0,14) , (0,0,0,14) , (0,0,0,14)  );

CreateLayer Main;
LayerSetImage Main '../images/_sharkfont1';
LayerSetImageMap Main CharList RectList;
LayerSetAscent Main 4;
LayerSetCharWidths Main CharList WidthList;
LayerSetCharWidths Main (' ') (9);
