Define CharList
 ( 'A', 'B', 'C', 'D', 'E', 'F', 'G', 'H', 'I', 'J', 'K', 'L', 'M', 'N', 'O', 'P',
   'Q', 'R', 'S', 'T', 'U', 'V', 'W', 'X', 'Y', 'Z', '0', '1', '2', '3', '4', '5',
   '6', '7', '8', '9', '!', '$', '*', '=', '+', '?', '¡');

Define WidthList
 (  30,  23,  25,  22,  24,  24,  28,  24,  10,  22,  27,  21,  27,  24,  27,  23,
    27,  25,  24,  24,  24,  24,  33,  24,  24,  24,  27,  15,  22,  22,  26,  24,
    22,  24,  22,  22,  10,  18,  20,  24,  20,  22,  10);

Define RectList
 ( (   0,  0, 50, 51), (  51,  0, 42, 51), (  94,  0, 45, 51), ( 140,  0, 42, 51),
   ( 183,  0, 43, 51), ( 227,  0, 43, 51), ( 271,  0, 47, 51), ( 319,  0, 43, 51),
   ( 363,  0, 30, 51), ( 394,  0, 42, 51), ( 437,  0, 46, 51), ( 484,  0, 41, 51),
   ( 526,  0, 47, 51), ( 574,  0, 43, 51), ( 618,  0, 46, 51), ( 665,  0, 42, 51),
   ( 708,  0, 46, 51), ( 755,  0, 45, 51), ( 801,  0, 43, 51), ( 845,  0, 43, 51),
   ( 889,  0, 43, 51), ( 933,  0, 43, 51), ( 977,  0, 53, 51), (1031,  0, 43, 51),
   (1075,  0, 43, 51), (1119,  0, 43, 51), (1163,  0, 46, 51), (1210,  0, 34, 51),
   (1245,  0, 41, 51), (1287,  0, 41, 51), (1329,  0, 46, 51), (1376,  0, 43, 51),
   (1420,  0, 41, 51), (1462,  0, 43, 51), (1506,  0, 41, 51), (1548,  0, 41, 51),
   (1590,  0, 30, 51), (1621,  0, 35, 51), (1657,  0, 48, 51), (1706,  0, 51, 51),
   (1758,  0, 48, 51), (1807,  0, 41, 51), (1849,  0, 29, 51));

Define OffsetList
 ( (-10, 0), (-10, 0), (-10, 0), (-10, 0), (-10, 0), (-10, 0), (-10, 0), (-10, 0),
   (-10, 0), (-10, 0), (-10, 0), (-10, 0), (-10, 0), (-10, 0), (-10, 0), (-10, 0),
   (-10, 0), (-10, 0), (-10, 0), (-10, 0), (-10, 0), (-10, 0), (-10, 0), (-10, 0),
   (-10, 0), (-10, 0), (-10, 0), (-10, 0), (-10, 0), (-10, 0), (-10, 0), (-10, 0),
   (-10, 0), (-10, 0), (-10, 0), (-10, 0), (-10, 0), (-8, 0), (-14, 0), (-14, 0),
   (-14, 0), (-10, 0), (-10, 0));

CreateLayer               Main;
LayerSetImage             Main '../images/SwissCheesed24';
LayerSetAscent            Main 38;
LayerSetCharWidths        Main CharList WidthList;
LayerSetCharWidths        Main (' ') (19);
LayerSetImageMap          Main CharList RectList;
LayerSetCharOffsets       Main CharList OffsetList;
LayerSetAscentPadding     Main 10;
LayerSetLineSpacingOffset Main -10;
LayerSetPointSize         Main 24;

SetDefaultPointSize  24;
