Define CharList
 ( 'A', 'B', 'C', 'D', 'E', 'F', 'G', 'H', 'I', 'J', 'K', 'L', 'M', 'N', 'O', 'P',
   'Q', 'R', 'S', 'T', 'U', 'V', 'W', 'X', 'Y', 'Z', 'a', 'b', 'c', 'd', 'e', 'f',
   'g', 'h', 'i', 'j', 'k', 'l', 'm', 'n', 'o', 'p', 'q', 'r', 's', 't', 'u', 'v',
   'w', 'x', 'y', 'z', '0', '1', '2', '3', '4', '5', '6', '7', '8', '9', '~', '`',
   '!', '@', '#', '$', '%', '^', '&', '*', '(', ')', '-', '_', '=', '+', '[', '{',
   ']', '}', ';', ':',"'", '"', ',', '<', '.', '>', '/', '?', '¡', '¢', '£', '¥',
   '§', '©', '®', '¿', 'À', 'Á', 'Â', 'Ã', 'Ä', 'Å', 'Æ', 'Ç', 'È', 'É', 'Ê', 'Ë',
   'Ì', 'Í', 'Î', 'Ï', 'Ð', 'Ñ', 'Ò', 'Ó', 'Ô', 'Õ', 'Ö', 'Ø', 'Ù', 'Ú', 'Û', 'Ü',
   'Ý', 'ß', 'à', 'á', 'â', 'ã', 'ä', 'å', 'æ', 'ç', 'è', 'é', 'ê', 'ë', 'ì', 'í',
   'î', 'ï', 'ð', 'ñ', 'ò', 'ó', 'ô', 'õ', 'ö', 'ø', 'ù', 'ú', 'û', 'ü', 'ý', 'ÿ');

Define WidthList
 (  26,  26,  27,  29,  24,  22,  30,  29,  15,  17,  26,  21,  32,  29,  30,  23,
    30,  27,  26,  23,  28,  26,  38,  26,  23,  26,  23,  24,  20,  24,  23,  13,
    24,  24,  10,  13,  23,  10,  37,  24,  23,  24,  24,  16,  20,  15,  24,  23,
    31,  23,  23,  20,  24,  24,  24,  24,  24,  24,  24,  24,  24,  24,  31,  24,
    15,  38,  31,  24,  41,  31,   0,  24,  17,  17,  17,  24,  31,  31,  17,  24,
    17,  24,  17,  17,  10,  17,  14,  31,  14,  31,  17,  21,  15,  24,  24,  24,
    24,  38,  38,  21,  26,  26,  26,  26,  26,  26,  38,  27,  24,  24,  24,  24,
    15,  15,  15,  15,  30,  29,  30,  30,  30,  30,  30,  30,  28,  28,  28,  28,
    23,  24,  23,  23,  23,  23,  23,  23,  37,  20,  23,  23,  23,  23,  10,  10,
    10,  10,  23,  24,  23,  23,  23,  23,  23,  23,  24,  24,  24,  24,  23,  23);

Define RectList
 ( (   0,  0, 26, 46), (  27,  0, 21, 46), (  49,  0, 24, 46), (  74,  0, 23, 46),
   (  98,  0, 19, 46), ( 118,  0, 18, 46), ( 137,  0, 26, 46), ( 164,  0, 21, 46),
   ( 186,  0, 11, 46), ( 198,  0, 13, 46), ( 212,  0, 22, 46), ( 235,  0, 18, 46),
   ( 254,  0, 25, 46), ( 280,  0, 21, 46), ( 302,  0, 27, 46), ( 330,  0, 18, 46),
   ( 349,  0, 27, 46), ( 377,  0, 23, 46), ( 401,  0, 22, 46), ( 424,  0, 24, 46),
   ( 449,  0, 22, 46), ( 472,  0, 26, 46), ( 499,  0, 36, 46), ( 536,  0, 24, 46),
   ( 561,  0, 24, 46), ( 586,  0, 23, 46), ( 610,  0, 18, 46), ( 629,  0, 19, 46),
   ( 649,  0, 17, 46), ( 667,  0, 19, 46), ( 687,  0, 19, 46), ( 707,  0, 14, 46),
   ( 722,  0, 19, 46), ( 742,  0, 18, 46), ( 761,  0,  4, 46), ( 766,  0, 11, 46),
   ( 778,  0, 20, 46), ( 799,  0,  4, 46), ( 804,  0, 31, 46), ( 836,  0, 18, 46),
   ( 855,  0, 20, 46), ( 876,  0, 19, 46), ( 896,  0, 19, 46), ( 916,  0, 14, 46),
   ( 931,  0, 17, 46), ( 949,  0, 13, 46), ( 963,  0, 18, 46), ( 982,  0, 21, 46),
   (1004,  0, 29, 46), (1034,  0, 21, 46), (1056,  0, 21, 46), (1078,  0, 17, 46),
   (1096,  0, 20, 46), (1117,  0, 15, 46), (1133,  0, 19, 46), (1153,  0, 19, 46),
   (1173,  0, 22, 46), (1196,  0, 19, 46), (1216,  0, 21, 46), (1238,  0, 19, 46),
   (1258,  0, 20, 46), (1279,  0, 20, 46), (1300,  0, 25, 46), (1326,  0,  9, 46),
   (1336,  0,  5, 46), (1342,  0, 33, 46), (1376,  0, 25, 46), (1402,  0, 19, 46),
   (1422,  0, 36, 46), (1459,  0, 25, 46), (1485,  0, 27, 46), (1513,  0, 19, 46),
   (1533,  0, 12, 46), (1546,  0, 12, 46), (1559,  0, 12, 46), (1572,  0, 25, 46),
   (1598,  0, 23, 46), (1622,  0, 23, 46), (1646,  0, 11, 46), (1658,  0, 18, 46),
   (1677,  0, 10, 46), (1688,  0, 19, 46), (1708,  0,  9, 46), (1718,  0,  5, 46),
   (1724,  0,  4, 46), (1729,  0, 12, 46), (1742,  0,  8, 46), (1751,  0, 22, 46),
   (1774,  0,  5, 46), (1780,  0, 22, 46), (1803,  0, 17, 46), (1821,  0, 16, 46),
   (1838,  0,  5, 46), (1844,  0, 18, 46), (1863,  0, 20, 46), (1884,  0, 21, 46),
   (1906,  0, 18, 46), (1925,  0, 33, 46), (1959,  0, 33, 46), (1993,  0, 16, 46),
   (2010,  0, 26, 46), (2037,  0, 26, 46), (2064,  0, 26, 46), (2091,  0, 26, 46),
   (2118,  0, 26, 46), (2145,  0, 26, 46), (2172,  0, 36, 46), (2209,  0, 24, 46),
   (2234,  0, 19, 46), (2254,  0, 19, 46), (2274,  0, 19, 46), (2294,  0, 19, 46),
   (2314,  0, 11, 46), (2326,  0, 11, 46), (2338,  0, 14, 46), (2353,  0, 12, 46),
   (2366,  0, 28, 46), (2395,  0, 21, 46), (2417,  0, 27, 46), (2445,  0, 27, 46),
   (2473,  0, 27, 46), (2501,  0, 27, 46), (2529,  0, 27, 46), (2557,  0, 27, 46),
   (2585,  0, 22, 46), (2608,  0, 22, 46), (2631,  0, 22, 46), (2654,  0, 22, 46),
   (2677,  0, 24, 46), (2702,  0, 19, 46), (2722,  0, 18, 46), (2741,  0, 18, 46),
   (2760,  0, 18, 46), (2779,  0, 18, 46), (2798,  0, 18, 46), (2817,  0, 18, 46),
   (2836,  0, 33, 46), (2870,  0, 17, 46), (2888,  0, 19, 46), (2908,  0, 19, 46),
   (2928,  0, 19, 46), (2948,  0, 19, 46), (2968,  0,  8, 46), (2977,  0,  9, 46),
   (2987,  0, 11, 46), (2999,  0, 11, 46), (3011,  0, 20, 46), (3032,  0, 18, 46),
   (3051,  0, 20, 46), (3072,  0, 20, 46), (3093,  0, 20, 46), (3114,  0, 20, 46),
   (3135,  0, 20, 46), (3156,  0, 21, 46), (3178,  0, 18, 46), (3197,  0, 18, 46),
   (3216,  0, 18, 46), (3235,  0, 18, 46), (3254,  0, 21, 46), (3276,  0, 21, 46));

Define OffsetList
 ( ( 0, 0), ( 4, 0), ( 2, 0), ( 4, 0), ( 4, 0), ( 4, 0), ( 2, 0), ( 4, 0),
   ( 2, 0), ( 1, 0), ( 4, 0), ( 4, 0), ( 4, 0), ( 4, 0), ( 2, 0), ( 4, 0),
   ( 2, 0), ( 4, 0), ( 2, 0), ( 0, 0), ( 3, 0), ( 0, 0), ( 1, 0), ( 1, 0),
   ( 0, 0), ( 2, 0), ( 2, 0), ( 3, 0), ( 2, 0), ( 2, 0), ( 2, 0), ( 1, 0),
   ( 2, 0), ( 3, 0), ( 3, 0), (-1, 0), ( 3, 0), ( 3, 0), ( 3, 0), ( 3, 0),
   ( 2, 0), ( 3, 0), ( 2, 0), ( 3, 0), ( 2, 0), ( 1, 0), ( 3, 0), ( 1, 0),
   ( 1, 0), ( 1, 0), ( 1, 0), ( 2, 0), ( 2, 0), ( 5, 0), ( 3, 0), ( 3, 0),
   ( 1, 0), ( 3, 0), ( 2, 0), ( 3, 0), ( 2, 0), ( 2, 0), ( 3, 0), ( 6, 0),
   ( 5, 0), ( 3, 0), ( 3, 0), ( 3, 0), ( 3, 0), ( 3, 0), ( 2, 0), ( 3, 0),
   ( 3, 0), ( 2, 0), ( 3, 0), ( 0, 0), ( 4, 0), ( 4, 0), ( 4, 0), ( 3, 0),
   ( 3, 0), ( 3, 0), ( 4, 0), ( 6, 0), ( 3, 0), ( 3, 0), ( 3, 0), ( 5, 0),
   ( 5, 0), ( 5, 0), (-1, 0), ( 3, 0), ( 5, 0), ( 3, 0), ( 2, 0), ( 2, 0),
   ( 3, 0), ( 3, 0), ( 3, 0), ( 2, 0), ( 0, 0), ( 0, 0), ( 0, 0), ( 0, 0),
   ( 0, 0), ( 0, 0), ( 0, 0), ( 2, 0), ( 4, 0), ( 4, 0), ( 4, 0), ( 4, 0),
   ( 2, 0), ( 2, 0), ( 1, 0), ( 2, 0), ( 0, 0), ( 4, 0), ( 2, 0), ( 2, 0),
   ( 2, 0), ( 2, 0), ( 2, 0), ( 2, 0), ( 3, 0), ( 3, 0), ( 3, 0), ( 3, 0),
   ( 0, 0), ( 3, 0), ( 2, 0), ( 2, 0), ( 2, 0), ( 2, 0), ( 2, 0), ( 2, 0),
   ( 2, 0), ( 2, 0), ( 2, 0), ( 2, 0), ( 2, 0), ( 2, 0), ( 0, 0), ( 2, 0),
   ( 0, 0), ( 0, 0), ( 2, 0), ( 3, 0), ( 2, 0), ( 2, 0), ( 2, 0), ( 2, 0),
   ( 2, 0), ( 1, 0), ( 3, 0), ( 3, 0), ( 3, 0), ( 3, 0), ( 1, 0), ( 1, 0));

Define KerningPairs
 ("'A","'Æ",".,","AT","AV","AW","AY","At","Av","Aw","Ay","B,","B.","BT","D,","D.",
  "DT","DW","DY","DZ","F,","F.","F:","F;","F?","FA","FT","Fa","Fe","Fo","FÆ","Fæ",
  "Fø","J,","J.","KO","Ka","Ke","Ko","Ku","Kv","Kw","Ky","KØ","Kæ","Kø","L'","LC",
  "LG","LJ","LO","LT","LV","LW","LY","Lv","Ly","LÇ","LØ","O,","O.","OT","OY","OZ",
  "P,","P.","PA","PY","Pa","Pe","Po","PÆ","Pæ","Pø","Q,","Q.","RT","RY","Ra","Re",
  "Ro","Ru","Ry","Ræ","Rø","S,","S.","SA","SS","Sv","Sw","Sy","SÆ","T,","T.","T:",
  "T;","T?","TA","TC","TG","TO","TT","Ta","Tc","Te","Tg","To","Tr","Ts","Tu","Tv",
  "Tw","Ty","Tz","TÆ","TÇ","TØ","Tæ","Tø","U,","U.","UÆ","V,","V.","V:","V;","VA",
  "Va","Ve","Vo","Vu","Vy","VÆ","Væ","Vø","W,","W.","W:","W;","WA","Wa","We","Wo",
  "Wr","Wu","Wy","WÆ","Wæ","Wø","Xa","Xe","Xo","Xu","Xy","Xæ","Xø","Y,","Y.","Y:",
  "Y;","YA","YO","Ya","Yd","Ye","Yg","Ym","Yn","Yo","Yp","Yq","Yr","Ys","Yu","Yv",
  "YÆ","YØ","Yæ","Yø","ZC","ZG","ZO","Za","Ze","Zo","Zw","Zy","ZÇ","ZØ","Zæ","Zø",
  "av","ay","b,","b.","cT","eT",'f"',"f'","f)","f*","f,","f.","f?","f]","f}","hv",
  "hy","ke","ko","kø","mv","my","nv","ny","o,","o.","ov","ox","oy","p,","p.","r,",
  "r.","ra","ræ","v,","v.","va","ve","vo","væ","vø","w,","w.","wa","wæ","xc","xe",
  "xo","xç","xø","y,","y.","ya","yc","ye","yo","yæ","yç","yø","Ø,","Ø.","ØT","ØY",
  "ØZ","ø,","ø.","øv","øx","øy");

Define KerningValues
 (  -2,  -2,  -2,  -2,  -1,  -1,  -1,   0,  -1,   0,  -1,   0,   0,  -1,  -1,  -1,
    -1,   0,   0,   0,  -5,  -5,  -1,  -1,   1,  -2,   0,  -2,  -1,  -1,  -2,  -2,
    -1,   0,   0,   0,  -1,  -1,  -1,  -1,  -1,  -1,  -1,   0,  -1,  -1,  -2,   0,
     0,   2,   0,  -3,  -2,  -2,  -3,  -2,  -2,   0,   0,   0,   0,  -1,   0,   0,
    -5,  -5,  -1,   0,  -1,  -1,  -1,  -1,  -1,  -1,   0,   0,  -1,   0,  -1,  -1,
    -1,   0,  -1,  -1,  -1,   0,   0,   0,   0,   0,   0,   0,   0,  -5,  -5,  -4,
    -4,   1,  -2,  -1,  -1,  -1,  -1,  -4,  -4,  -4,  -4,  -4,  -4,  -3,  -4,  -4,
    -4,  -4,  -3,  -2,  -1,  -1,  -4,  -4,   0,   0,   0,  -5,  -5,  -1,  -1,  -1,
    -2,  -2,  -2,  -1,  -1,  -1,  -2,  -2,  -5,  -4,  -1,  -1,  -1,  -2,  -2,  -2,
    -1,  -1,  -1,  -1,  -2,  -2,  -1,  -1,  -1,   0,  -1,  -1,  -1,  -5,  -5,  -4,
    -4,  -1,   0,  -2,  -2,  -2,  -2,  -2,  -2,  -2,  -2,  -2,  -2,  -2,  -2,  -2,
    -1,   0,  -2,  -2,   0,   0,   0,  -1,  -1,  -1,  -1,  -1,   0,   0,  -1,  -1,
     0,   0,   0,   0,  -1,  -2,   1,   1,   2,   1,  -2,  -2,   2,   2,   2,   0,
     0,   0,   0,   0,   0,   0,   0,   0,   0,   0,   0,   0,   0,   0,   0,  -5,
    -5,   0,  -1,  -3,  -3,  -1,   0,   0,  -1,   0,  -1,  -1,   0,   0,   0,   0,
     0,   0,   0,  -3,  -3,  -1,   0,   0,   0,  -1,   0,   0,   0,   0,  -1,   0,
     0,   0,   0,   0,   0,   0);

CreateLayer               Main;
LayerSetImage             Main '../images/treasurefont';
LayerSetAscent            Main 38;
LayerSetCharWidths        Main CharList WidthList;
LayerSetCharWidths        Main (' ') (27);
LayerSetKerningPairs      Main KerningPairs KerningValues;
LayerSetImageMap          Main CharList RectList;
LayerSetCharOffsets       Main CharList OffsetList;
LayerSetAscentPadding     Main 0;
LayerSetLineSpacingOffset Main 0;
LayerSetPointSize         Main 29;

SetDefaultPointSize  29;
