Define CharList
 ( 'A', 'B', 'C', 'D', 'E', 'F', 'G', 'H', 'I', 'J', 'K', 'L', 'M', 'N', 'O', 'P',
   'Q', 'R', 'S', 'T', 'U', 'V', 'W', 'X', 'Y', 'Z', 'a', 'b', 'c', 'd', 'e', 'f',
   'g', 'h', 'i', 'j', 'k', 'l', 'm', 'n', 'o', 'p', 'q', 'r', 's', 't', 'u', 'v',
   'w', 'x', 'y', 'z', '0', '1', '2', '3', '4', '5', '6', '7', '8', '9', '~', '`',
   '!', '@', '#', '$', '%', '^', '&', '*', '(', ')', '-', '_', '=', '+', '[', '{',
   ']', '}', ';', ':',"'", '"', ',', '<', '.', '>', '/', '?', '¡', '¢', '£', '¥',
   '§', '©', '®', '¿', 'À', 'Á', 'Â', 'Ã', 'Ä', 'Å', 'Æ', 'Ç', 'È', 'É', 'Ê', 'Ë',
   'Ì', 'Í', 'Î', 'Ï', 'Ð', 'Ñ', 'Ò', 'Ó', 'Ô', 'Õ', 'Ö', 'Ø', 'Ù', 'Ú', 'Û', 'Ü',
   'Ý', 'ß', 'à', 'á', 'â', 'ã', 'ä', 'å', 'æ', 'ç', 'è', 'é', 'ê', 'ë', 'ì', 'í',
   'î', 'ï', 'ð', 'ñ', 'ò', 'ó', 'ô', 'õ', 'ö', 'ø', 'ù', 'ú', 'û', 'ü', 'ý', 'ÿ');

Define WidthList
 (  26,  26,  27,  29,  24,  22,  30,  29,  15,  17,  26,  21,  32,  29,  30,  23,
    30,  27,  26,  23,  28,  26,  38,  26,  23,  26,  23,  24,  20,  24,  23,  13,
    24,  24,  10,  13,  23,  10,  37,  24,  23,  24,  24,  16,  20,  15,  24,  23,
    31,  23,  23,  20,  24,  24,  24,  24,  24,  24,  24,  24,  24,  24,  31,  24,
    15,  38,  31,  24,  41,  31,   0,  24,  17,  17,  17,  24,  31,  31,  17,  24,
    17,  24,  17,  17,  10,  17,  14,  31,  14,  31,  17,  21,  15,  24,  24,  24,
    24,  38,  38,  21,  26,  26,  26,  26,  26,  26,  38,  27,  24,  24,  24,  24,
    15,  15,  15,  15,  30,  29,  30,  30,  30,  30,  30,  30,  28,  28,  28,  28,
    23,  24,  23,  23,  23,  23,  23,  23,  37,  20,  23,  23,  23,  23,  10,  10,
    10,  10,  23,  24,  23,  23,  23,  23,  23,  23,  24,  24,  24,  24,  23,  23);

Define RectList
 ( (   0,  0, 46, 66), (  47,  0, 41, 66), (  89,  0, 44, 66), ( 134,  0, 43, 66),
   ( 178,  0, 39, 66), ( 218,  0, 38, 66), ( 257,  0, 46, 66), ( 304,  0, 41, 66),
   ( 346,  0, 31, 66), ( 378,  0, 33, 66), ( 412,  0, 42, 66), ( 455,  0, 38, 66),
   ( 494,  0, 45, 66), ( 540,  0, 41, 66), ( 582,  0, 47, 66), ( 630,  0, 38, 66),
   ( 669,  0, 47, 66), ( 717,  0, 43, 66), ( 761,  0, 42, 66), ( 804,  0, 44, 66),
   ( 849,  0, 42, 66), ( 892,  0, 46, 66), ( 939,  0, 56, 66), ( 996,  0, 44, 66),
   (1041,  0, 44, 66), (1086,  0, 43, 66), (1130,  0, 38, 66), (1169,  0, 39, 66),
   (1209,  0, 37, 66), (1247,  0, 39, 66), (1287,  0, 39, 66), (1327,  0, 34, 66),
   (1362,  0, 39, 66), (1402,  0, 38, 66), (1441,  0, 24, 66), (1466,  0, 31, 66),
   (1498,  0, 40, 66), (1539,  0, 24, 66), (1564,  0, 51, 66), (1616,  0, 38, 66),
   (1655,  0, 40, 66), (1696,  0, 39, 66), (1736,  0, 39, 66), (1776,  0, 34, 66),
   (1811,  0, 37, 66), (1849,  0, 33, 66), (1883,  0, 38, 66), (1922,  0, 41, 66),
   (1964,  0, 49, 66), (2014,  0, 41, 66), (2056,  0, 41, 66), (2098,  0, 37, 66),
   (2136,  0, 40, 66), (2177,  0, 35, 66), (2213,  0, 39, 66), (2253,  0, 39, 66),
   (2293,  0, 42, 66), (2336,  0, 39, 66), (2376,  0, 41, 66), (2418,  0, 39, 66),
   (2458,  0, 40, 66), (2499,  0, 40, 66), (2540,  0, 45, 66), (2586,  0, 29, 66),
   (2616,  0, 25, 66), (2642,  0, 53, 66), (2696,  0, 45, 66), (2742,  0, 39, 66),
   (2782,  0, 56, 66), (2839,  0, 45, 66), (2885,  0, 47, 66), (2933,  0, 39, 66),
   (2973,  0, 32, 66), (3006,  0, 32, 66), (3039,  0, 32, 66), (3072,  0, 45, 66),
   (3118,  0, 43, 66), (3162,  0, 43, 66), (3206,  0, 31, 66), (3238,  0, 38, 66),
   (3277,  0, 30, 66), (3308,  0, 39, 66), (3348,  0, 29, 66), (3378,  0, 25, 66),
   (3404,  0, 24, 66), (3429,  0, 32, 66), (3462,  0, 28, 66), (3491,  0, 42, 66),
   (3534,  0, 25, 66), (3560,  0, 42, 66), (3603,  0, 37, 66), (3641,  0, 36, 66),
   (3678,  0, 25, 66), (3704,  0, 38, 66), (3743,  0, 40, 66), (3784,  0, 41, 66),
   (3826,  0, 38, 66), (3865,  0, 53, 66), (3919,  0, 53, 66), (3973,  0, 36, 66),
   (4010,  0, 46, 66), (4057,  0, 46, 66), (4104,  0, 46, 66), (4151,  0, 46, 66),
   (4198,  0, 46, 66), (4245,  0, 46, 66), (4292,  0, 56, 66), (4349,  0, 44, 66),
   (4394,  0, 39, 66), (4434,  0, 39, 66), (4474,  0, 39, 66), (4514,  0, 39, 66),
   (4554,  0, 31, 66), (4586,  0, 31, 66), (4618,  0, 34, 66), (4653,  0, 32, 66),
   (4686,  0, 48, 66), (4735,  0, 41, 66), (4777,  0, 47, 66), (4825,  0, 47, 66),
   (4873,  0, 47, 66), (4921,  0, 47, 66), (4969,  0, 47, 66), (5017,  0, 47, 66),
   (5065,  0, 42, 66), (5108,  0, 42, 66), (5151,  0, 42, 66), (5194,  0, 42, 66),
   (5237,  0, 44, 66), (5282,  0, 39, 66), (5322,  0, 38, 66), (5361,  0, 38, 66),
   (5400,  0, 38, 66), (5439,  0, 38, 66), (5478,  0, 38, 66), (5517,  0, 38, 66),
   (5556,  0, 53, 66), (5610,  0, 37, 66), (5648,  0, 39, 66), (5688,  0, 39, 66),
   (5728,  0, 39, 66), (5768,  0, 39, 66), (5808,  0, 28, 66), (5837,  0, 29, 66),
   (5867,  0, 31, 66), (5899,  0, 31, 66), (5931,  0, 40, 66), (5972,  0, 38, 66),
   (6011,  0, 40, 66), (6052,  0, 40, 66), (6093,  0, 40, 66), (6134,  0, 40, 66),
   (6175,  0, 40, 66), (6216,  0, 41, 66), (6258,  0, 38, 66), (6297,  0, 38, 66),
   (6336,  0, 38, 66), (6375,  0, 38, 66), (6414,  0, 41, 66), (6456,  0, 41, 66));

Define OffsetList
 ( (-10, 0), (-6, 0), (-8, 0), (-6, 0), (-6, 0), (-6, 0), (-8, 0), (-6, 0),
   (-8, 0), (-9, 0), (-6, 0), (-6, 0), (-6, 0), (-6, 0), (-8, 0), (-6, 0),
   (-8, 0), (-6, 0), (-8, 0), (-10, 0), (-7, 0), (-10, 0), (-9, 0), (-9, 0),
   (-10, 0), (-8, 0), (-8, 0), (-7, 0), (-8, 0), (-8, 0), (-8, 0), (-9, 0),
   (-8, 0), (-7, 0), (-7, 0), (-11, 0), (-7, 0), (-7, 0), (-7, 0), (-7, 0),
   (-8, 0), (-7, 0), (-8, 0), (-7, 0), (-8, 0), (-9, 0), (-7, 0), (-9, 0),
   (-9, 0), (-9, 0), (-9, 0), (-8, 0), (-8, 0), (-5, 0), (-7, 0), (-7, 0),
   (-9, 0), (-7, 0), (-8, 0), (-7, 0), (-8, 0), (-8, 0), (-7, 0), (-4, 0),
   (-5, 0), (-7, 0), (-7, 0), (-7, 0), (-7, 0), (-7, 0), (-8, 0), (-7, 0),
   (-7, 0), (-8, 0), (-7, 0), (-10, 0), (-6, 0), (-6, 0), (-6, 0), (-7, 0),
   (-7, 0), (-7, 0), (-6, 0), (-4, 0), (-7, 0), (-7, 0), (-7, 0), (-5, 0),
   (-5, 0), (-5, 0), (-11, 0), (-7, 0), (-5, 0), (-7, 0), (-8, 0), (-8, 0),
   (-7, 0), (-7, 0), (-7, 0), (-8, 0), (-10, 0), (-10, 0), (-10, 0), (-10, 0),
   (-10, 0), (-10, 0), (-10, 0), (-8, 0), (-6, 0), (-6, 0), (-6, 0), (-6, 0),
   (-8, 0), (-8, 0), (-9, 0), (-8, 0), (-10, 0), (-6, 0), (-8, 0), (-8, 0),
   (-8, 0), (-8, 0), (-8, 0), (-8, 0), (-7, 0), (-7, 0), (-7, 0), (-7, 0),
   (-10, 0), (-7, 0), (-8, 0), (-8, 0), (-8, 0), (-8, 0), (-8, 0), (-8, 0),
   (-8, 0), (-8, 0), (-8, 0), (-8, 0), (-8, 0), (-8, 0), (-10, 0), (-8, 0),
   (-10, 0), (-10, 0), (-8, 0), (-7, 0), (-8, 0), (-8, 0), (-8, 0), (-8, 0),
   (-8, 0), (-9, 0), (-7, 0), (-7, 0), (-7, 0), (-7, 0), (-9, 0), (-9, 0));

Define KerningPairs
 ("'A","'Æ",".,","AT","AV","AW","AY","At","Av","Aw","Ay","B,","B.","BT","D,","D.",
  "DT","DW","DY","DZ","F,","F.","F:","F;","F?","FA","FT","Fa","Fe","Fo","FÆ","Fæ",
  "Fø","J,","J.","KO","Ka","Ke","Ko","Ku","Kv","Kw","Ky","KØ","Kæ","Kø","L'","LC",
  "LG","LJ","LO","LT","LV","LW","LY","Lv","Ly","LÇ","LØ","O,","O.","OT","OY","OZ",
  "P,","P.","PA","PY","Pa","Pe","Po","PÆ","Pæ","Pø","Q,","Q.","RT","RY","Ra","Re",
  "Ro","Ru","Ry","Ræ","Rø","S,","S.","SA","SS","Sv","Sw","Sy","SÆ","T,","T.","T:",
  "T;","T?","TA","TC","TG","TO","TT","Ta","Tc","Te","Tg","To","Tr","Ts","Tu","Tv",
  "Tw","Ty","Tz","TÆ","TÇ","TØ","Tæ","Tø","U,","U.","UÆ","V,","V.","V:","V;","VA",
  "Va","Ve","Vo","Vu","Vy","VÆ","Væ","Vø","W,","W.","W:","W;","WA","Wa","We","Wo",
  "Wr","Wu","Wy","WÆ","Wæ","Wø","Xa","Xe","Xo","Xu","Xy","Xæ","Xø","Y,","Y.","Y:",
  "Y;","YA","YO","Ya","Yd","Ye","Yg","Ym","Yn","Yo","Yp","Yq","Yr","Ys","Yu","Yv",
  "YÆ","YØ","Yæ","Yø","ZC","ZG","ZO","Za","Ze","Zo","Zw","Zy","ZÇ","ZØ","Zæ","Zø",
  "av","ay","b,","b.","cT","eT",'f"',"f'","f)","f*","f,","f.","f?","f]","f}","hv",
  "hy","ke","ko","kø","mv","my","nv","ny","o,","o.","ov","ox","oy","p,","p.","r,",
  "r.","ra","ræ","v,","v.","va","ve","vo","væ","vø","w,","w.","wa","wæ","xc","xe",
  "xo","xç","xø","y,","y.","ya","yc","ye","yo","yæ","yç","yø","Ø,","Ø.","ØT","ØY",
  "ØZ","ø,","ø.","øv","øx","øy");

Define KerningValues
 (  -2,  -2,  -2,  -2,  -1,  -1,  -1,   0,  -1,   0,  -1,   0,   0,  -1,  -1,  -1,
    -1,   0,   0,   0,  -5,  -5,  -1,  -1,   1,  -2,   0,  -2,  -1,  -1,  -2,  -2,
    -1,   0,   0,   0,  -1,  -1,  -1,  -1,  -1,  -1,  -1,   0,  -1,  -1,  -2,   0,
     0,   2,   0,  -3,  -2,  -2,  -3,  -2,  -2,   0,   0,   0,   0,  -1,   0,   0,
    -5,  -5,  -1,   0,  -1,  -1,  -1,  -1,  -1,  -1,   0,   0,  -1,   0,  -1,  -1,
    -1,   0,  -1,  -1,  -1,   0,   0,   0,   0,   0,   0,   0,   0,  -5,  -5,  -4,
    -4,   1,  -2,  -1,  -1,  -1,  -1,  -4,  -4,  -4,  -4,  -4,  -4,  -3,  -4,  -4,
    -4,  -4,  -3,  -2,  -1,  -1,  -4,  -4,   0,   0,   0,  -5,  -5,  -1,  -1,  -1,
    -2,  -2,  -2,  -1,  -1,  -1,  -2,  -2,  -5,  -4,  -1,  -1,  -1,  -2,  -2,  -2,
    -1,  -1,  -1,  -1,  -2,  -2,  -1,  -1,  -1,   0,  -1,  -1,  -1,  -5,  -5,  -4,
    -4,  -1,   0,  -2,  -2,  -2,  -2,  -2,  -2,  -2,  -2,  -2,  -2,  -2,  -2,  -2,
    -1,   0,  -2,  -2,   0,   0,   0,  -1,  -1,  -1,  -1,  -1,   0,   0,  -1,  -1,
     0,   0,   0,   0,  -1,  -2,   1,   1,   2,   1,  -2,  -2,   2,   2,   2,   0,
     0,   0,   0,   0,   0,   0,   0,   0,   0,   0,   0,   0,   0,   0,   0,  -5,
    -5,   0,  -1,  -3,  -3,  -1,   0,   0,  -1,   0,  -1,  -1,   0,   0,   0,   0,
     0,   0,   0,  -3,  -3,  -1,   0,   0,   0,  -1,   0,   0,   0,   0,  -1,   0,
     0,   0,   0,   0,   0,   0);

CreateLayer               Main;
LayerSetImage             Main '../images/treasurefontglow';
LayerSetAscent            Main 48;
LayerSetCharWidths        Main CharList WidthList;
LayerSetCharWidths        Main (' ') (27);
LayerSetKerningPairs      Main KerningPairs KerningValues;
LayerSetImageMap          Main CharList RectList;
LayerSetCharOffsets       Main CharList OffsetList;
LayerSetAscentPadding     Main 10;
LayerSetLineSpacingOffset Main -10;
LayerSetPointSize         Main 29;

SetDefaultPointSize  29;
